index,word,frequency,likelihood
0,berlin,43,0.06379821958456973
1,trndnl,30,0.04451038575667656
2,syrian,24,0.03560830860534125
3,thisisnottheendofonedirection,19,0.028189910979228485
4,deutschland,17,0.025222551928783383
5,isis,15,0.02225519287833828
6,trend,15,0.02225519287833828
7,platz,13,0.019287833827893175
8,refugee,12,0.017804154302670624
9,trends,10,0.01483679525222552
10,trending,10,0.01483679525222552
11,paris,9,0.013353115727002967
12,rannfl,9,0.013353115727002967
13,xfactorfinal,8,0.011869436201780416
14,terroristen,8,0.011869436201780416
15,germany,8,0.011869436201780416
16,started,7,0.010385756676557863
17,tweets,7,0.010385756676557863
18,syria,7,0.010385756676557863
19,refugees,6,0.008902077151335312
20,syriavote,6,0.008902077151335312
21,prayforparis,6,0.008902077151335312
22,stunden,6,0.008902077151335312
23,france,6,0.008902077151335312
24,just,6,0.008902077151335312
25,more,6,0.008902077151335312
26,german,6,0.008902077151335312
27,tatort,6,0.008902077151335312
28,group,5,0.00741839762611276
29,hashtag,5,0.00741839762611276
30,lang,5,0.00741839762611276
31,embassy,5,0.00741839762611276
32,people,5,0.00741839762611276
33,shoppingqueen,5,0.00741839762611276
34,helfershelfer,5,0.00741839762611276
35,thisisnotthealbumtoday,4,0.005934718100890208
36,parisattacks,4,0.005934718100890208
37,terrorist,4,0.005934718100890208
38,groups,4,0.005934718100890208
39,wwetlc,4,0.005934718100890208
40,alex,4,0.005934718100890208
41,assali,4,0.005934718100890208
42,donnerstag,4,0.005934718100890208
43,topic,4,0.005934718100890208
44,crisis,4,0.005934718100890208
45,fled,4,0.005934718100890208
46,berlino,4,0.005934718100890208
47,merkel,4,0.005934718100890208
48,french,3,0.004451038575667656
49,brandenburger,3,0.004451038575667656
50,bvbsge,3,0.004451038575667656
51,children,3,0.004451038575667656
52,terrorists,3,0.004451038575667656
53,islamic,3,0.004451038575667656
54,muslim,3,0.004451038575667656
55,jürgen,3,0.004451038575667656
56,verwandlung,3,0.004451038575667656
57,militare,3,0.004451038575667656
58,joined,3,0.004451038575667656
59,angela,3,0.004451038575667656
60,homeless,3,0.004451038575667656
61,state,3,0.004451038575667656
62,siria,3,0.004451038575667656
63,the…,3,0.004451038575667656
64,extreme,3,0.004451038575667656
65,kumpelfragerunde,3,0.004451038575667656
66,president,3,0.004451038575667656
67,attacks,3,0.004451038575667656
68,vogel,3,0.004451038575667656
69,germania,3,0.004451038575667656
70,accounts,3,0.004451038575667656
71,serving,3,0.004451038575667656
72,attack,3,0.004451038575667656
73,corbyn,2,0.002967359050445104
74,erscheint,2,0.002967359050445104
75,food,2,0.002967359050445104
76,turn,2,0.002967359050445104
77,living,2,0.002967359050445104
78,went,2,0.002967359050445104
79,wusstest,2,0.002967359050445104
80,thisisnotthealbum,2,0.002967359050445104
81,wurden,2,0.002967359050445104
82,and…,2,0.002967359050445104
83,graffiti,2,0.002967359050445104
84,plätzchen,2,0.002967359050445104
85,memory,2,0.002967359050445104
86,berghain,2,0.002967359050445104
87,thursday,2,0.002967359050445104
88,brussels,2,0.002967359050445104
89,chancellor,2,0.002967359050445104
90,erwähnung,2,0.002967359050445104
91,muslime,2,0.002967359050445104
92,trial,2,0.002967359050445104
93,november,2,0.002967359050445104
94,letzten,2,0.002967359050445104
95,berlins,2,0.002967359050445104
96,willst,2,0.002967359050445104
97,inspired,2,0.002967359050445104
98,jetzt,2,0.002967359050445104
99,officials,2,0.002967359050445104
100,going,2,0.002967359050445104
101,blow…,2,0.002967359050445104
102,peace,2,0.002967359050445104
103,refugeecrisis,2,0.002967359050445104
104,ford,2,0.002967359050445104
105,free,2,0.002967359050445104
106,iraq,2,0.002967359050445104
107,lisis,2,0.002967359050445104
108,jewish,2,0.002967359050445104
109,chill,2,0.002967359050445104
110,photographed,2,0.002967359050445104
111,mittwoch,2,0.002967359050445104
112,harrison,2,0.002967359050445104
113,thisisberlin,2,0.002967359050445104
114,wohnung,2,0.002967359050445104
115,mission,2,0.002967359050445104
116,reichstag,2,0.002967359050445104
117,investigating,2,0.002967359050445104
118,verified,2,0.002967359050445104
119,advent,2,0.002967359050445104
120,help,2,0.002967359050445104
121,tuesday,2,0.002967359050445104
122,explainafilmplotbadly,2,0.002967359050445104
123,lives,2,0.002967359050445104
124,lametta,2,0.002967359050445104
125,missione,2,0.002967359050445104
126,plotting,2,0.002967359050445104
127,handing,2,0.002967359050445104
128,assad,2,0.002967359050445104
129,menorah,2,0.002967359050445104
130,were,2,0.002967359050445104
131,thisisnotthealbumoutnow,2,0.002967359050445104
132,streets,2,0.002967359050445104
133,contro,2,0.002967359050445104
134,helped,2,0.002967359050445104
135,twitter,2,0.002967359050445104
136,christmas,2,0.002967359050445104
137,ihrer,2,0.002967359050445104
138,said,2,0.002967359050445104
139,entdecken,2,0.002967359050445104
140,meals,2,0.002967359050445104
141,dienstag,2,0.002967359050445104
142,says,2,0.002967359050445104
143,allegedly,2,0.002967359050445104
144,authorities,2,0.002967359050445104
145,approvato,2,0.002967359050445104
146,home,1,0.001483679525222552
147,gefälschtem,1,0.001483679525222552
148,that,1,0.001483679525222552
149,trst,1,0.001483679525222552
150,lageso,1,0.001483679525222552
151,geht,1,0.001483679525222552
152,zealand,1,0.001483679525222552
153,angesichts,1,0.001483679525222552
154,trotz,1,0.001483679525222552
155,giant,1,0.001483679525222552
156,bawwwk,1,0.001483679525222552
157,gelingen,1,0.001483679525222552
158,bash,1,0.001483679525222552
159,merkels,1,0.001483679525222552
160,give,1,0.001483679525222552
161,dazu,1,0.001483679525222552
162,igersberlin…,1,0.001483679525222552
163,favorites,1,0.001483679525222552
164,bataclan,1,0.001483679525222552
165,start,1,0.001483679525222552
166,import,1,0.001483679525222552
167,bereits,1,0.001483679525222552
