index,word,frequency,likelihood
0,berlin,36,0.07929515418502203
1,syrian,24,0.05286343612334802
2,refugee,11,0.024229074889867842
3,trndnl,10,0.022026431718061675
4,paris,9,0.019823788546255508
5,deutschland,8,0.01762114537444934
6,germany,8,0.01762114537444934
7,terroristen,8,0.01762114537444934
8,platz,7,0.015418502202643172
9,syria,7,0.015418502202643172
10,france,6,0.013215859030837005
11,prayforparis,6,0.013215859030837005
12,trend,6,0.013215859030837005
13,syriavote,6,0.013215859030837005
14,german,6,0.013215859030837005
15,helfershelfer,5,0.011013215859030838
16,isis,5,0.011013215859030838
17,group,5,0.011013215859030838
18,refugees,5,0.011013215859030838
19,embassy,5,0.011013215859030838
20,hashtag,4,0.00881057268722467
21,terrorist,4,0.00881057268722467
22,alex,4,0.00881057268722467
23,assali,4,0.00881057268722467
24,donnerstag,4,0.00881057268722467
25,groups,4,0.00881057268722467
26,people,4,0.00881057268722467
27,parisattacks,4,0.00881057268722467
28,fled,4,0.00881057268722467
29,homeless,3,0.006607929515418502
30,serving,3,0.006607929515418502
31,stunden,3,0.006607929515418502
32,trends,3,0.006607929515418502
33,french,3,0.006607929515418502
34,muslim,3,0.006607929515418502
35,terrorists,3,0.006607929515418502
36,children,3,0.006607929515418502
37,berlino,3,0.006607929515418502
38,siria,3,0.006607929515418502
39,president,3,0.006607929515418502
40,joined,3,0.006607929515418502
41,attacks,3,0.006607929515418502
42,militare,2,0.004405286343612335
43,letzten,2,0.004405286343612335
44,mission,2,0.004405286343612335
45,investigating,2,0.004405286343612335
46,food,2,0.004405286343612335
47,lang,2,0.004405286343612335
48,going,2,0.004405286343612335
49,germania,2,0.004405286343612335
50,photographed,2,0.004405286343612335
51,iraq,2,0.004405286343612335
52,inspired,2,0.004405286343612335
53,islamic,2,0.004405286343612335
54,tuesday,2,0.004405286343612335
55,angela,2,0.004405286343612335
56,and…,2,0.004405286343612335
57,peace,2,0.004405286343612335
58,lives,2,0.004405286343612335
59,allegedly,2,0.004405286343612335
60,topic,2,0.004405286343612335
61,corbyn,2,0.004405286343612335
62,twitter,2,0.004405286343612335
63,memory,2,0.004405286343612335
64,reichstag,2,0.004405286343612335
65,state,2,0.004405286343612335
66,free,2,0.004405286343612335
67,assad,2,0.004405286343612335
68,trending,2,0.004405286343612335
69,willst,2,0.004405286343612335
70,menorah,2,0.004405286343612335
71,streets,2,0.004405286343612335
72,says,2,0.004405286343612335
73,meals,2,0.004405286343612335
74,brussels,2,0.004405286343612335
75,muslime,2,0.004405286343612335
76,help,2,0.004405286343612335
77,officials,2,0.004405286343612335
78,living,2,0.004405286343612335
79,trial,2,0.004405286343612335
80,brandenburger,2,0.004405286343612335
81,berlins,2,0.004405286343612335
82,went,2,0.004405286343612335
83,jewish,2,0.004405286343612335
84,chancellor,2,0.004405286343612335
85,authorities,2,0.004405286343612335
86,handing,2,0.004405286343612335
87,plotting,2,0.004405286343612335
88,blow…,2,0.004405286343612335
89,titulo,1,0.0022026431718061676
90,months,1,0.0022026431718061676
91,football,1,0.0022026431718061676
92,merkels,1,0.0022026431718061676
93,spending,1,0.0022026431718061676
94,partecipo,1,0.0022026431718061676
95,theyd,1,0.0022026431718061676
96,allow,1,0.0022026431718061676
97,«nur»,1,0.0022026431718061676
98,conflict,1,0.0022026431718061676
99,evenings,1,0.0022026431718061676
100,ethics,1,0.0022026431718061676
101,demokratie,1,0.0022026431718061676
102,giving,1,0.0022026431718061676
103,gesprengt,1,0.0022026431718061676
104,times,1,0.0022026431718061676
105,caught,1,0.0022026431718061676
106,einheimische,1,0.0022026431718061676
107,meal,1,0.0022026431718061676
108,stand,1,0.0022026431718061676
109,powerhouse,1,0.0022026431718061676
110,homeless…,1,0.0022026431718061676
111,lighting,1,0.0022026431718061676
112,fighting…,1,0.0022026431718061676
