index,word,frequency,likelihood
0,spain,57,0.059006211180124224
1,isis,37,0.038302277432712216
2,madrid,33,0.034161490683229816
3,crisis,28,0.028985507246376812
4,syria,21,0.021739130434782608
5,thousands,18,0.018633540372670808
6,siria,16,0.016563146997929608
7,paris,14,0.014492753623188406
8,attacks,14,0.014492753623188406
9,análisis,13,0.013457556935817806
10,terroristas,12,0.012422360248447204
11,atentados,11,0.011387163561076604
12,spains,11,0.011387163561076604
13,españa,11,0.011387163561076604
14,people,10,0.010351966873706004
15,tendencia,8,0.008281573498964804
16,join,8,0.008281573498964804
17,strikes,8,0.008281573498964804
18,alertaterroristaep,8,0.008281573498964804
19,francia,8,0.008281573498964804
20,security,7,0.007246376811594203
21,quién,7,0.007246376811594203
22,hollande,7,0.007246376811594203
23,prayforparis,6,0.006211180124223602
24,predictivo,6,0.006211180124223602
25,protested,6,0.006211180124223602
26,protest,6,0.006211180124223602
27,protests,6,0.006211180124223602
28,economy,6,0.006211180124223602
29,some,6,0.006211180124223602
30,video,6,0.006211180124223602
31,suspected,6,0.006211180124223602
32,called,5,0.005175983436853002
33,tourism,5,0.005175983436853002
34,será,5,0.005175983436853002
35,europa,5,0.005175983436853002
36,trndnl,5,0.005175983436853002
37,police,5,0.005175983436853002
38,personas,5,0.005175983436853002
39,terrorista,5,0.005175983436853002
40,tropas,5,0.005175983436853002
41,todos,5,0.005175983436853002
42,antiwar,4,0.004140786749482402
43,spanish,4,0.004140786749482402
44,quisiste,4,0.004140786749482402
45,mejor,4,0.004140786749482402
46,exhaustivo,4,0.004140786749482402
47,momentum,4,0.004140786749482402
48,bombardeos,4,0.004140786749482402
49,ideal,4,0.004140786749482402
50,remax,4,0.004140786749482402
51,irak,4,0.004140786749482402
52,china,4,0.004140786749482402
53,builds,4,0.004140786749482402
54,russia,4,0.004140786749482402
55,france,4,0.004140786749482402
56,belgium,4,0.004140786749482402
57,europeos,4,0.004140786749482402
58,mayor,4,0.004140786749482402
59,three,4,0.004140786749482402
60,casa,4,0.004140786749482402
61,gran,4,0.004140786749482402
62,expands,4,0.004140786749482402
63,realizado,4,0.004140786749482402
64,dijo,4,0.004140786749482402
65,está,4,0.004140786749482402
66,rally,4,0.004140786749482402
67,objetivoiglesias,4,0.004140786749482402
68,syrian,4,0.004140786749482402
69,london,4,0.004140786749482402
70,twitter,4,0.004140786749482402
71,lily,4,0.004140786749482402
72,ahora,4,0.004140786749482402
73,españoles,4,0.004140786749482402
74,marketing,4,0.004140786749482402
75,como,4,0.004140786749482402
76,brussels,4,0.004140786749482402
77,amigos,4,0.004140786749482402
78,friendly,4,0.004140786749482402
79,match,3,0.003105590062111801
80,joining,3,0.003105590062111801
81,hizo,3,0.003105590062111801
82,fight,3,0.003105590062111801
83,pues,3,0.003105590062111801
84,islamic,3,0.003105590062111801
85,turquía,3,0.003105590062111801
86,intervención,3,0.003105590062111801
87,concerns,3,0.003105590062111801
88,visto,3,0.003105590062111801
89,busca,3,0.003105590062111801
90,país,3,0.003105590062111801
91,thisisopera,3,0.003105590062111801
92,pagamos,3,0.003105590062111801
93,pequeña,3,0.003105590062111801
94,siempre,3,0.003105590062111801
95,gente,3,0.003105590062111801
96,calls,3,0.003105590062111801
97,rusia,3,0.003105590062111801
98,otra,3,0.003105590062111801
99,belgian,3,0.003105590062111801
100,hasta,3,0.003105590062111801
101,realmadrid,3,0.003105590062111801
102,estadio,3,0.003105590062111801
103,belgiums,3,0.003105590062111801
104,state,3,0.003105590062111801
105,vuestra,3,0.003105590062111801
106,atentado,3,0.003105590062111801
107,french,3,0.003105590062111801
108,estar,3,0.003105590062111801
109,dinero,3,0.003105590062111801
110,parisattacks,3,0.003105590062111801
111,avión,3,0.003105590062111801
112,viendo,3,0.003105590062111801
113,civil,3,0.003105590062111801
114,cosa,3,0.003105590062111801
115,política,3,0.003105590062111801
116,europe,3,0.003105590062111801
117,deciamos,2,0.002070393374741201
118,estimate,2,0.002070393374741201
119,este,2,0.002070393374741201
120,lunes,2,0.002070393374741201
121,banderas,2,0.002070393374741201
122,bertinypedro,2,0.002070393374741201
123,compraremos,2,0.002070393374741201
124,espera,2,0.002070393374741201
125,venezuelan,2,0.002070393374741201
126,fearing,2,0.002070393374741201
127,leftwing,2,0.002070393374741201
128,detrás,2,0.002070393374741201
129,days,2,0.002070393374741201
130,parte,2,0.002070393374741201
131,truncó,2,0.002070393374741201
132,yemen,2,0.002070393374741201
133,inmates,2,0.002070393374741201
134,sales,2,0.002070393374741201
135,doña,2,0.002070393374741201
136,decir,2,0.002070393374741201
137,semana,2,0.002070393374741201
138,programada,2,0.002070393374741201
139,pueda,2,0.002070393374741201
140,breve,2,0.002070393374741201
141,name,2,0.002070393374741201
142,dasch,2,0.002070393374741201
143,meterlo,2,0.002070393374741201
144,dice,2,0.002070393374741201
145,given,2,0.002070393374741201
146,troops,2,0.002070393374741201
147,hotel,2,0.002070393374741201
148,mención,2,0.002070393374741201
149,polla,2,0.002070393374741201
150,debod,2,0.002070393374741201
151,turkish,2,0.002070393374741201
152,tele,2,0.002070393374741201
153,guerra,2,0.002070393374741201
154,media,2,0.002070393374741201
155,soltarlo,2,0.002070393374741201
156,afganistan,2,0.002070393374741201
157,barcelona,2,0.002070393374741201
158,previsiones,2,0.002070393374741201
159,actual,2,0.002070393374741201
160,inversión,2,0.002070393374741201
161,mordaza,2,0.002070393374741201
162,sending,2,0.002070393374741201
163,japan,2,0.002070393374741201
164,durante,2,0.002070393374741201
165,llegada,2,0.002070393374741201
166,patético,2,0.002070393374741201
167,march,2,0.002070393374741201
168,semanas,2,0.002070393374741201
169,debastada,2,0.002070393374741201
170,putin,2,0.002070393374741201
171,title,2,0.002070393374741201
172,pesadito,2,0.002070393374741201
173,toma,2,0.002070393374741201
174,desintegra,2,0.002070393374741201
175,reunión,2,0.002070393374741201
176,bombing,2,0.002070393374741201
177,objetivorivera,2,0.002070393374741201
178,¡hola,2,0.002070393374741201
179,alert,2,0.002070393374741201
180,parísantes,2,0.002070393374741201
181,bohrquez…,2,0.002070393374741201
182,asumido,2,0.002070393374741201
183,empírico,2,0.002070393374741201
184,noche,2,0.002070393374741201
185,clave,2,0.002070393374741201
186,asco,2,0.002070393374741201
187,compren,2,0.002070393374741201
188,protesters,2,0.002070393374741201
189,familia,2,0.002070393374741201
190,sueldos,2,0.002070393374741201
191,line,2,0.002070393374741201
192,postcrisis,2,0.002070393374741201
193,françois…,2,0.002070393374741201
194,tiene,2,0.002070393374741201
195,iran,2,0.002070393374741201
196,loco,2,0.002070393374741201
197,expulsada,2,0.002070393374741201
198,bolo,2,0.002070393374741201
199,homenaje,2,0.002070393374741201
200,incomunica,2,0.002070393374741201
201,marina,2,0.002070393374741201
202,¿crisis,2,0.002070393374741201
203,iraq,2,0.002070393374741201
204,grew,2,0.002070393374741201
205,beneficiarse,2,0.002070393374741201
206,preliminary,2,0.002070393374741201
207,interesa,2,0.002070393374741201
208,the…,2,0.002070393374741201
209,world,2,0.002070393374741201
210,improbable,2,0.002070393374741201
211,and…,2,0.002070393374741201
212,favorito,2,0.002070393374741201
213,predice,2,0.002070393374741201
214,kurdos,2,0.002070393374741201
215,crearemos,2,0.002070393374741201
216,turkey,2,0.002070393374741201
217,cuidado,2,0.002070393374741201
218,fastest,2,0.002070393374741201
219,bruselas,2,0.002070393374741201
220,puta,2,0.002070393374741201
221,from…,2,0.002070393374741201
222,morir,2,0.002070393374741201
223,government,2,0.002070393374741201
224,desierto,2,0.002070393374741201
225,mazo,2,0.002070393374741201
226,reconstruir,2,0.002070393374741201
227,pamann,2,0.002070393374741201
228,sensorial,2,0.002070393374741201
229,discussions,2,0.002070393374741201
230,brutal,2,0.002070393374741201
231,both,2,0.002070393374741201
232,madre,2,0.002070393374741201
233,estado,2,0.002070393374741201
234,threatens,2,0.002070393374741201
235,with…,2,0.002070393374741201
236,urbanizaciones,2,0.002070393374741201
237,vendedor,2,0.002070393374741201
238,today,2,0.002070393374741201
239,pico,2,0.002070393374741201
240,ataca,2,0.002070393374741201
