186478529
487900041
783157418
1179981192
308991132
6571822
300445924
302558091
362683016
622100444
926212477
3390661523
381524419
1027204951
1445924880
38865298
630223892
591929366
211926434
383803744
7742252
835799874
1449550838
271996747
1966678669
49839706
41557723
130816861
895171171
222083433
492956912
113110776
211684480
241177569
416160599
110970252
209662530
2996648079
132332305
87726517
129188570
2921757599
171920164
61847205
249854763
407326772
43707529
560641080
558121274
860918844
213589565
492544447
23196476
1362860359
3448911
118497617
107813460
2654239446
228130135
2467489880
64689700
2211179486
2182968032
510757473
863560554
226691692
1191356004
51760120
34921718
181966071
790189051
287437290
241093246
