index,word,frequency,likelihood
0,spain,48,0.05200433369447454
1,isis,31,0.03358613217768147
2,siria,19,0.020585048754062838
3,madrid,17,0.018418201516793065
4,paris,15,0.016251354279523293
5,terroristas,14,0.015167930660888408
6,atentados,14,0.015167930660888408
7,attacks,14,0.015167930660888408
8,suspected,13,0.014084507042253521
9,syria,12,0.013001083423618635
10,terrorista,12,0.013001083423618635
11,tendencia,10,0.010834236186348862
12,españa,10,0.010834236186348862
13,thousands,9,0.009750812567713976
14,spains,9,0.009750812567713976
15,twitter,9,0.009750812567713976
16,atentado,8,0.00866738894907909
17,police,8,0.00866738894907909
18,alertaterroristaep,8,0.00866738894907909
19,prayforparis,8,0.00866738894907909
20,parís,7,0.007583965330444204
21,arrested,7,0.007583965330444204
22,security,7,0.007583965330444204
23,ahora,6,0.0065005417118093175
24,trndnl,6,0.0065005417118093175
25,spanish,6,0.0065005417118093175
26,quién,5,0.005417118093174431
27,contra,5,0.005417118093174431
28,francia,5,0.005417118093174431
29,called,5,0.005417118093174431
30,islamic,5,0.005417118093174431
31,crisis,5,0.005417118093174431
32,video,5,0.005417118093174431
33,homosexual,5,0.005417118093174431
34,people,5,0.005417118093174431
35,copan,5,0.005417118093174431
36,refugiados,5,0.005417118093174431
37,woman,5,0.005417118093174431
38,matrimonio,5,0.005417118093174431
39,recruiters,5,0.005417118093174431
40,bombardeos,4,0.004333694474539545
41,friendly,4,0.004333694474539545
42,state,4,0.004333694474539545
43,hollande,4,0.004333694474539545
44,todos,4,0.004333694474539545
45,join,4,0.004333694474539545
46,arrests,4,0.004333694474539545
47,belgium,4,0.004333694474539545
48,espera,4,0.004333694474539545
49,turquía,4,0.004333694474539545
50,france,4,0.004333694474539545
51,está,4,0.004333694474539545
52,strikes,4,0.004333694474539545
53,tropas,4,0.004333694474539545
54,mayor,4,0.004333694474539545
55,claro,3,0.0032502708559046588
56,tuesday,3,0.0032502708559046588
57,presidente,3,0.0032502708559046588
58,protest,3,0.0032502708559046588
59,país,3,0.0032502708559046588
60,concerns,3,0.0032502708559046588
61,like,3,0.0032502708559046588
62,rajoy,3,0.0032502708559046588
63,guerra,3,0.0032502708559046588
64,terrorist,3,0.0032502708559046588
65,involvement,3,0.0032502708559046588
66,posición,3,0.0032502708559046588
67,protests,3,0.0032502708559046588
68,protested,3,0.0032502708559046588
69,iraq,3,0.0032502708559046588
70,stigmabase,3,0.0032502708559046588
71,terrorists,3,0.0032502708559046588
72,belgiums,3,0.0032502708559046588
73,convertirse,3,0.0032502708559046588
74,parisattacks,3,0.0032502708559046588
75,rusia,3,0.0032502708559046588
76,estadio,3,0.0032502708559046588
77,match,3,0.0032502708559046588
78,syrian,3,0.0032502708559046588
79,civil,3,0.0032502708559046588
80,belgian,3,0.0032502708559046588
81,brussels,3,0.0032502708559046588
82,alleged,3,0.0032502708559046588
83,decir,3,0.0032502708559046588
84,mejor,3,0.0032502708559046588
85,china,3,0.0032502708559046588
86,ocupando,2,0.0021668472372697724
87,mención,2,0.0021668472372697724
88,foreign,2,0.0021668472372697724
89,atentadokabul,2,0.0021668472372697724
90,bruselas,2,0.0021668472372697724
91,prisoners,2,0.0021668472372697724
92,intervención,2,0.0021668472372697724
93,yihadismo,2,0.0021668472372697724
94,turn,2,0.0021668472372697724
95,toda,2,0.0021668472372697724
96,wanted,2,0.0021668472372697724
97,sides…,2,0.0021668472372697724
98,off…,2,0.0021668472372697724
99,toma,2,0.0021668472372697724
100,juego,2,0.0021668472372697724
101,creo,2,0.0021668472372697724
102,grupo,2,0.0021668472372697724
103,following,2,0.0021668472372697724
104,amigos,2,0.0021668472372697724
105,syrias,2,0.0021668472372697724
106,defeated,2,0.0021668472372697724
107,hasta,2,0.0021668472372697724
108,clasico,2,0.0021668472372697724
109,permanente,2,0.0021668472372697724
110,personas,2,0.0021668472372697724
111,durante,2,0.0021668472372697724
112,french,2,0.0021668472372697724
113,terrorismo,2,0.0021668472372697724
114,calls,2,0.0021668472372697724
115,político,2,0.0021668472372697724
116,egaylity,2,0.0021668472372697724
117,voto,2,0.0021668472372697724
118,gracias,2,0.0021668472372697724
119,inmates,2,0.0021668472372697724
120,arrest,2,0.0021668472372697724
121,militar,2,0.0021668472372697724
122,kurdos,2,0.0021668472372697724
123,matar,2,0.0021668472372697724
124,años,2,0.0021668472372697724
125,europe,2,0.0021668472372697724
126,dasch,2,0.0021668472372697724
127,recruiter,2,0.0021668472372697724
128,yihad,2,0.0021668472372697724
129,irak,2,0.0021668472372697724
130,responsables,2,0.0021668472372697724
131,pueda,2,0.0021668472372697724
132,este,2,0.0021668472372697724
133,sirias,2,0.0021668472372697724
134,beneficiarse,2,0.0021668472372697724
135,realmadrid,2,0.0021668472372697724
136,rally,2,0.0021668472372697724
137,kabul,2,0.0021668472372697724
138,belgiumspain,2,0.0021668472372697724
139,ceuta,2,0.0021668472372697724
140,manifestación,2,0.0021668472372697724
141,dijo,2,0.0021668472372697724
142,ataques,2,0.0021668472372697724
143,militants,2,0.0021668472372697724
144,terror,2,0.0021668472372697724
145,cárcel,2,0.0021668472372697724
146,queremos,2,0.0021668472372697724
147,horas,2,0.0021668472372697724
148,acaba,2,0.0021668472372697724
149,empírico,2,0.0021668472372697724
150,silencio,2,0.0021668472372697724
151,alert,2,0.0021668472372697724
152,antiterrorista,2,0.0021668472372697724
153,builds,2,0.0021668472372697724
154,bombardear,2,0.0021668472372697724
155,sale,2,0.0021668472372697724
156,hizo,2,0.0021668472372697724
157,evidente,2,0.0021668472372697724
158,authorities,2,0.0021668472372697724
159,bernabéu,2,0.0021668472372697724
160,government,2,0.0021668472372697724
161,nadie,2,0.0021668472372697724
162,empezamos,2,0.0021668472372697724
163,iglesiasforoem,2,0.0021668472372697724
164,hidalgo,2,0.0021668472372697724
165,fears,2,0.0021668472372697724
166,attacks…,2,0.0021668472372697724
167,estos,2,0.0021668472372697724
168,and…,2,0.0021668472372697724
169,gente,2,0.0021668472372697724
170,morir,2,0.0021668472372697724
171,spreading,2,0.0021668472372697724
172,partido,2,0.0021668472372697724
173,dinero,2,0.0021668472372697724
174,estar,2,0.0021668472372697724
175,with…,2,0.0021668472372697724
176,result,2,0.0021668472372697724
177,london,2,0.0021668472372697724
178,santiago,2,0.0021668472372697724
179,derechos,2,0.0021668472372697724
180,propaganda,2,0.0021668472372697724
181,detrás,2,0.0021668472372697724
182,antiwar,2,0.0021668472372697724
183,loveamplove,2,0.0021668472372697724
184,siriafacts,2,0.0021668472372697724
185,avión,2,0.0021668472372697724
186,momentum,2,0.0021668472372697724
187,lunes,2,0.0021668472372697724
188,fronteramemorias,1,0.0010834236186348862
189,throughout…,1,0.0010834236186348862
190,facetheforce,1,0.0010834236186348862
191,silvela,1,0.0010834236186348862
192,xinhua,1,0.0010834236186348862
193,ideología,1,0.0010834236186348862
194,piano,1,0.0010834236186348862
195,hackles,1,0.0010834236186348862
196,intervenciónsin,1,0.0010834236186348862
197,apoya,1,0.0010834236186348862
198,santiago…,1,0.0010834236186348862
199,fair,1,0.0010834236186348862
200,sufrimiento,1,0.0010834236186348862
201,cagas,1,0.0010834236186348862
202,isis—the,1,0.0010834236186348862
203,democráticos,1,0.0010834236186348862
204,bofetón,1,0.0010834236186348862
205,ningun,1,0.0010834236186348862
206,middle,1,0.0010834236186348862
207,speaks,1,0.0010834236186348862
208,trip,1,0.0010834236186348862
209,aparece,1,0.0010834236186348862
210,yarında,1,0.0010834236186348862
211,respect,1,0.0010834236186348862
212,¡hola,1,0.0010834236186348862
213,syriavote,1,0.0010834236186348862
214,cultural,1,0.0010834236186348862
215,ciudadano,1,0.0010834236186348862
216,decidir,1,0.0010834236186348862
217,pueblosnoalaguerra,1,0.0010834236186348862
218,juapo,1,0.0010834236186348862
219,hashtag,1,0.0010834236186348862
220,justo,1,0.0010834236186348862
221,threatened,1,0.0010834236186348862
222,prayforsyria,1,0.0010834236186348862
223,frío,1,0.0010834236186348862
224,british,1,0.0010834236186348862
225,aprovecharse,1,0.0010834236186348862
226,hotel,1,0.0010834236186348862
227,llevan,1,0.0010834236186348862
228,esperemos,1,0.0010834236186348862
229,nice,1,0.0010834236186348862
