index,word,frequency,likelihood
0,paris,1536,0.3327556325823224
1,france,693,0.15012998266897748
2,attacks,665,0.14406412478336222
3,prayforparis,430,0.09315424610051994
4,french,338,0.07322357019064125
5,attack,123,0.026646447140381283
6,bataclan,111,0.024046793760831887
7,police,110,0.023830155979202773
8,victims,107,0.023180242634315423
9,isis,101,0.021880415944540727
10,parisattacks,88,0.019064124783362217
11,frances,80,0.01733102253032929
12,place,79,0.017114384748700175
13,terror,78,0.016897746967071057
14,jesuisparis,70,0.015164644714038129
15,eiffel,63,0.013648180242634315
16,national,59,0.01278162911611785
17,the…,59,0.01278162911611785
18,republique,58,0.012564991334488735
19,attacker,55,0.011915077989601387
20,tour,54,0.01169844020797227
21,terrorist,52,0.011265164644714038
22,after,51,0.011048526863084922
23,love,49,0.01061525129982669
24,people,48,0.010398613518197574
25,paris…,47,0.010181975736568458
26,teacher,47,0.010181975736568458
27,trndnl,46,0.00996533795493934
28,hollande,45,0.009748700173310225
29,president,44,0.009532062391681109
30,killed,42,0.009098786828422877
31,photo,41,0.00888214904679376
32,eiffeltower,41,0.00888214904679376
33,arrested,40,0.008665511265164644
34,prayforparis…,40,0.008665511265164644
35,belgium,39,0.008448873483535528
36,parisjetaime,39,0.008448873483535528
37,november,38,0.008232235701906412
38,wake,35,0.007582322357019064
39,tribute,34,0.007365684575389948
40,syria,34,0.007365684575389948
41,state,33,0.007149046793760832
42,suspect,33,0.007149046793760832
43,toureiffel,32,0.006932409012131715
44,huaweishot,32,0.006932409012131715
45,streetart,31,0.006715771230502599
46,peace,31,0.006715771230502599
47,suspects,31,0.006715771230502599
48,farright,31,0.006715771230502599
49,following,30,0.006499133448873483
50,front,30,0.006499133448873483
51,terroristes,29,0.006282495667244367
52,hommage,29,0.006282495667244367
53,suspected,28,0.006065857885615251
54,sprayforparis,28,0.006065857885615251
55,vote,28,0.006065857885615251
56,says,26,0.005632582322357019
57,memorial,25,0.005415944540727903
58,security,25,0.005415944540727903
59,right,25,0.005415944540727903
60,terroriste,25,0.005415944540727903
61,minister,25,0.005415944540727903
62,russia,25,0.005415944540727903
63,friday,24,0.005199306759098787
64,raid,23,0.00498266897746967
65,death,23,0.00498266897746967
66,french…,23,0.00498266897746967
67,authorities,23,0.00498266897746967
68,elections,22,0.004766031195840554
69,weeks,22,0.004766031195840554
70,brouisisfake,22,0.004766031195840554
71,mastermind,22,0.004766031195840554
72,fluctuatnecmergitur,22,0.004766031195840554
73,held,21,0.004549393414211438
74,parigi,21,0.004549393414211438
75,islamic,21,0.004549393414211438
76,stabbed,21,0.004549393414211438
77,novembre,20,0.004332755632582322
78,bono,20,0.004332755632582322
79,army,20,0.004332755632582322
80,trending,20,0.004332755632582322
81,francois,19,0.004116117850953206
82,invalides,19,0.004116117850953206
83,tower,19,0.004116117850953206
84,huawei,19,0.004116117850953206
85,honors,19,0.004116117850953206
86,franceklm,19,0.004116117850953206
87,concert,19,0.004116117850953206
88,regional,19,0.004116117850953206
89,wifi,18,0.00389948006932409
90,attackers,18,0.00389948006932409
91,arrests,18,0.00389948006932409
92,service,18,0.00389948006932409
93,raids,18,0.00389948006932409
94,république,18,0.00389948006932409
95,week,18,0.00389948006932409
96,attentats,18,0.00389948006932409
97,topic,17,0.003682842287694974
98,crisis,17,0.003682842287694974
99,mourn,17,0.003682842287694974
100,pray,17,0.003682842287694974
101,pays,17,0.003682842287694974
102,and…,16,0.0034662045060658577
103,austria,16,0.0034662045060658577
104,france…,16,0.0034662045060658577
105,arturbain,16,0.0034662045060658577
106,latest,16,0.0034662045060658577
107,ceremony,16,0.0034662045060658577
108,obama,16,0.0034662045060658577
109,just,15,0.0032495667244367417
110,identified,15,0.0032495667244367417
111,deadly,15,0.0032495667244367417
112,abaaoud,15,0.0032495667244367417
113,million,15,0.0032495667244367417
114,said,15,0.0032495667244367417
115,with,14,0.0030329289428076256
116,stade,14,0.0030329289428076256
117,month,14,0.0030329289428076256
118,yearold,14,0.0030329289428076256
119,ringleader,14,0.0030329289428076256
120,economy,14,0.0030329289428076256
121,igersparis,14,0.0030329289428076256
122,emergency,14,0.0030329289428076256
123,photographer,14,0.0030329289428076256
124,victimes,14,0.0030329289428076256
125,officials,14,0.0030329289428076256
126,attacked,13,0.0028162911611785096
127,night,13,0.0028162911611785096
128,holds,13,0.0028162911611785096
129,intelligence,13,0.0028162911611785096
130,public,13,0.0028162911611785096
131,dead,13,0.0028162911611785096
132,abdelhamid,13,0.0028162911611785096
133,memepaspeur,13,0.0028162911611785096
134,live,13,0.0028162911611785096
135,thisisthevote,13,0.0028162911611785096
136,impact,13,0.0028162911611785096
137,wins,13,0.0028162911611785096
138,votes,13,0.0028162911611785096
139,puppy,13,0.0028162911611785096
140,parisisaboutlife,12,0.0025996533795493936
141,notinmyname,12,0.0025996533795493936
142,election,12,0.0025996533795493936
143,fans,12,0.0025996533795493936
144,interior,12,0.0025996533795493936
145,saintdenis,12,0.0025996533795493936
146,nearly,12,0.0025996533795493936
147,madonna,12,0.0025996533795493936
148,video,12,0.0025996533795493936
149,first,12,0.0025996533795493936
150,terrorists,12,0.0025996533795493936
151,continue,12,0.0025996533795493936
152,parc,12,0.0025996533795493936
153,amid,12,0.0025996533795493936
154,bleublancrouge,12,0.0025996533795493936
155,mosques,12,0.0025996533795493936
156,bonne,12,0.0025996533795493936
157,today,12,0.0025996533795493936
158,monday,11,0.002383015597920277
159,linked,11,0.002383015597920277
160,belle,11,0.002383015597920277
161,bomber,11,0.002383015597920277
162,urbanart,11,0.002383015597920277
163,party,11,0.002383015597920277
164,francia,11,0.002383015597920277
165,hall,11,0.002383015597920277
166,remembers,11,0.002383015597920277
167,villeparisis,11,0.002383015597920277
168,suicide,11,0.002383015597920277
169,from,11,0.002383015597920277
170,homage,11,0.002383015597920277
171,city,11,0.002383015597920277
172,princes,11,0.002383015597920277
173,probe,11,0.002383015597920277
174,beautiful,11,0.002383015597920277
175,poll,11,0.002383015597920277
176,away,10,0.002166377816291161
177,has…,10,0.002166377816291161
178,stand,10,0.002166377816291161
179,that…,10,0.002166377816291161
180,have…,10,0.002166377816291161
181,cost,10,0.002166377816291161
182,reopens,10,0.002166377816291161
183,parís,10,0.002166377816291161
184,eagles,10,0.002166377816291161
185,months,10,0.002166377816291161
186,plus,10,0.002166377816291161
187,parisienne,10,0.002166377816291161
188,reuters,10,0.002166377816291161
189,suburb,10,0.002166377816291161
190,twitter,10,0.002166377816291161
191,arrest,10,0.002166377816291161
192,three,10,0.002166377816291161
193,know,10,0.002166377816291161
194,government,10,0.002166377816291161
195,foued,9,0.001949740034662045
196,polls,9,0.001949740034662045
197,left,9,0.001949740034662045
198,iloveparis,9,0.001949740034662045
199,shut,9,0.001949740034662045
200,will,9,0.001949740034662045
201,paid,9,0.001949740034662045
202,jour,9,0.001949740034662045
203,strikes,9,0.001949740034662045
204,lesupplement,9,0.001949740034662045
205,aéroport,9,0.001949740034662045
206,euros,9,0.001949740034662045
207,citing,9,0.001949740034662045
208,placedelarepublique,9,0.001949740034662045
209,join,9,0.001949740034662045
210,third,9,0.001949740034662045
211,flag,9,0.001949740034662045
212,hours,9,0.001949740034662045
213,round,9,0.001949740034662045
214,libertyinparis,9,0.001949740034662045
215,airstrikes,9,0.001949740034662045
216,lost,9,0.001949740034662045
217,hold,9,0.001949740034662045
218,bodies,9,0.001949740034662045
219,days,9,0.001949740034662045
220,reeling,9,0.001949740034662045
221,climatpaix,9,0.001949740034662045
222,identify,9,0.001949740034662045
223,cafe,9,0.001949740034662045
224,took,9,0.001949740034662045
225,visita,9,0.001949740034662045
226,attacks…,9,0.001949740034662045
227,growth,9,0.001949740034662045
228,woman,9,0.001949740034662045
229,climate,9,0.001949740034662045
230,terrorismo,9,0.001949740034662045
231,push,9,0.001949740034662045
232,talks,9,0.001949740034662045
233,sunday,9,0.001949740034662045
234,mourning,9,0.001949740034662045
235,metal,9,0.001949740034662045
236,investigation,8,0.0017331022530329288
237,morning,8,0.0017331022530329288
238,destroy,8,0.0017331022530329288
239,petit,8,0.0017331022530329288
240,abdeslam,8,0.0017331022530329288
241,seek,8,0.0017331022530329288
242,source,8,0.0017331022530329288
243,belgian,8,0.0017331022530329288
244,over,8,0.0017331022530329288
245,mosque,8,0.0017331022530329288
246,banned,8,0.0017331022530329288
247,quartier,8,0.0017331022530329288
248,entry,8,0.0017331022530329288
249,mohamed,8,0.0017331022530329288
250,barack,8,0.0017331022530329288
251,back,8,0.0017331022530329288
252,salah,8,0.0017331022530329288
253,café,8,0.0017331022530329288
254,picoftheday,8,0.0017331022530329288
255,alert,8,0.0017331022530329288
256,beaucoup,8,0.0017331022530329288
257,diesel,8,0.0017331022530329288
258,hommagenational,8,0.0017331022530329288
259,wants,8,0.0017331022530329288
260,concorde,8,0.0017331022530329288
261,time,8,0.0017331022530329288
262,britain,8,0.0017331022530329288
263,free,8,0.0017331022530329288
264,parisattack,8,0.0017331022530329288
265,people…,8,0.0017331022530329288
266,siria,8,0.0017331022530329288
267,weeks…,8,0.0017331022530329288
268,outside,8,0.0017331022530329288
269,aftermath,8,0.0017331022530329288
270,brussels,8,0.0017331022530329288
271,candles,8,0.0017331022530329288
272,prayforparis🇫🇷,8,0.0017331022530329288
273,more,8,0.0017331022530329288
274,fight,8,0.0017331022530329288
275,chief,7,0.0015164644714038128
276,when,7,0.0015164644714038128
277,seeks,7,0.0015164644714038128
278,with…,7,0.0015164644714038128
279,hôtel,7,0.0015164644714038128
280,this,7,0.0015164644714038128
281,world,7,0.0015164644714038128
282,gains,7,0.0015164644714038128
283,for…,7,0.0015164644714038128
284,îledefrance,7,0.0015164644714038128
285,earthcrisis,7,0.0015164644714038128
286,trends,7,0.0015164644714038128
287,denied,7,0.0015164644714038128
288,tensions,7,0.0015164644714038128
289,response,7,0.0015164644714038128
290,monde,7,0.0015164644714038128
291,europes,7,0.0015164644714038128
292,change,7,0.0015164644714038128
293,thisisnottheendofonedirection,7,0.0015164644714038128
294,mobilephotography,7,0.0015164644714038128
295,seen,7,0.0015164644714038128
296,tuesday,7,0.0015164644714038128
297,place…,7,0.0015164644714038128
298,parisisbeautiful,7,0.0015164644714038128
299,muslim,7,0.0015164644714038128
300,solemn,7,0.0015164644714038128
301,liberté,7,0.0015164644714038128
302,extend,7,0.0015164644714038128
303,calls,7,0.0015164644714038128
304,boost,7,0.0015164644714038128
305,music,7,0.0015164644714038128
306,solidarity,7,0.0015164644714038128
307,drapeau,7,0.0015164644714038128
308,foreign,7,0.0015164644714038128
309,services,7,0.0015164644714038128
310,peaceforparis,7,0.0015164644714038128
311,offers,7,0.0015164644714038128
312,revenue,7,0.0015164644714038128
313,since,7,0.0015164644714038128
314,attentati,7,0.0015164644714038128
315,prosecutors,7,0.0015164644714038128
316,silence,7,0.0015164644714038128
317,link,7,0.0015164644714038128
318,bonjour,7,0.0015164644714038128
319,cormeillesenparisis,7,0.0015164644714038128
320,tweets,7,0.0015164644714038128
321,noussommesunis,7,0.0015164644714038128
322,notredame,7,0.0015164644714038128
323,mention,7,0.0015164644714038128
324,bourget,7,0.0015164644714038128
325,drawings,7,0.0015164644714038128
326,islamist,7,0.0015164644714038128
327,grand,7,0.0015164644714038128
328,home,7,0.0015164644714038128
329,stop,7,0.0015164644714038128
330,died,7,0.0015164644714038128
331,friends,7,0.0015164644714038128
332,postparis,7,0.0015164644714038128
333,widen,7,0.0015164644714038128
334,parisismagical,7,0.0015164644714038128
335,muslims,7,0.0015164644714038128
336,business,6,0.0012998266897746968
337,geneva,6,0.0012998266897746968
338,open,6,0.0012998266897746968
339,tourism,6,0.0012998266897746968
340,telefoot,6,0.0012998266897746968
341,children,6,0.0012998266897746968
342,support,6,0.0012998266897746968
343,liveinparis,6,0.0012998266897746968
344,germany,6,0.0012998266897746968
345,respect,6,0.0012998266897746968
346,parisbynight,6,0.0012998266897746968
347,paix,6,0.0012998266897746968
348,françois,6,0.0012998266897746968
349,bernard,6,0.0012998266897746968
350,prayforpeace,6,0.0012998266897746968
351,champsélysées,6,0.0012998266897746968
352,could,6,0.0012998266897746968
353,even,6,0.0012998266897746968
354,high,6,0.0012998266897746968
355,northern,6,0.0012998266897746968
356,estimates,6,0.0012998266897746968
357,instadaily,6,0.0012998266897746968
358,fear,6,0.0012998266897746968
359,came,6,0.0012998266897746968
360,gather,6,0.0012998266897746968
361,memories,6,0.0012998266897746968
362,soldiers,6,0.0012998266897746968
363,semaine,6,0.0012998266897746968
364,parisien,6,0.0012998266897746968
365,daesh,6,0.0012998266897746968
366,claimed,6,0.0012998266897746968
367,replace,6,0.0012998266897746968
368,good,6,0.0012998266897746968
369,parisian,6,0.0012998266897746968
370,stadium,6,0.0012998266897746968
371,totche,6,0.0012998266897746968
372,montparnasse,6,0.0012998266897746968
373,sees,6,0.0012998266897746968
374,urbanart…,6,0.0012998266897746968
375,parisislife,6,0.0012998266897746968
376,anonymous,6,0.0012998266897746968
377,louvre,6,0.0012998266897746968
378,prayfortheworld,6,0.0012998266897746968
379,office,6,0.0012998266897746968
380,passer,6,0.0012998266897746968
381,taken,6,0.0012998266897746968
382,names,6,0.0012998266897746968
383,meet,6,0.0012998266897746968
384,hunt,6,0.0012998266897746968
385,faisait,6,0.0012998266897746968
386,homosexuel,6,0.0012998266897746968
387,equipe,6,0.0012998266897746968
388,debout,6,0.0012998266897746968
389,refugee,6,0.0012998266897746968
390,football,6,0.0012998266897746968
391,weekend,6,0.0012998266897746968
392,russian,6,0.0012998266897746968
393,lights,6,0.0012998266897746968
394,possible,6,0.0012998266897746968
395,syrian,6,0.0012998266897746968
396,near,6,0.0012998266897746968
397,eyes,6,0.0012998266897746968
398,arrestation,6,0.0012998266897746968
399,california,6,0.0012998266897746968
400,notes,6,0.0012998266897746968
401,adore,6,0.0012998266897746968
402,cambodge,6,0.0012998266897746968
403,gives,6,0.0012998266897746968
404,links,6,0.0012998266897746968
405,popularity,6,0.0012998266897746968
406,turns,6,0.0012998266897746968
407,life,6,0.0012998266897746968
408,preschool,6,0.0012998266897746968
409,avenue,6,0.0012998266897746968
410,trackoftheday,6,0.0012998266897746968
411,euro,6,0.0012998266897746968
412,been…,6,0.0012998266897746968
413,strasbourg,6,0.0012998266897746968
414,ahead,6,0.0012998266897746968
415,surge,6,0.0012998266897746968
416,capital,6,0.0012998266897746968
417,remember,6,0.0012998266897746968
418,hamilton,6,0.0012998266897746968
419,parisattacks…,6,0.0012998266897746968
420,mergitur,5,0.0010831889081455806
421,eiffeltower…,5,0.0010831889081455806
422,sharing,5,0.0010831889081455806
423,jesuisterasse,5,0.0010831889081455806
424,asseeag,5,0.0010831889081455806
425,british,5,0.0010831889081455806
426,takes,5,0.0010831889081455806
427,duncanlovesphotography,5,0.0010831889081455806
428,vivre,5,0.0010831889081455806
429,merci,5,0.0010831889081455806
430,cameron,5,0.0010831889081455806
431,carries,5,0.0010831889081455806
432,safe,5,0.0010831889081455806
433,later,5,0.0010831889081455806
434,were,5,0.0010831889081455806
435,proud,5,0.0010831889081455806
436,christmas,5,0.0010831889081455806
437,against,5,0.0010831889081455806
438,biere,5,0.0010831889081455806
439,jesuisbataclan,5,0.0010831889081455806
440,iraq,5,0.0010831889081455806
441,regional…,5,0.0010831889081455806
442,young,5,0.0010831889081455806
443,kindergarten,5,0.0010831889081455806
444,musulmans,5,0.0010831889081455806
445,mohamedaggad,5,0.0010831889081455806
446,iphone,5,0.0010831889081455806
447,forces,5,0.0010831889081455806
448,begins,5,0.0010831889081455806
449,survivors,5,0.0010831889081455806
450,major,5,0.0010831889081455806
451,pariss,5,0.0010831889081455806
452,performing,5,0.0010831889081455806
453,invoking,5,0.0010831889081455806
454,militants,5,0.0010831889081455806
455,frenchman,5,0.0010831889081455806
456,its…,5,0.0010831889081455806
457,moment,5,0.0010831889081455806
458,respects,5,0.0010831889081455806
459,dark,5,0.0010831889081455806
460,uietour,5,0.0010831889081455806
461,cest,5,0.0010831889081455806
462,writes,5,0.0010831889081455806
463,architecture,5,0.0010831889081455806
464,threat,5,0.0010831889081455806
465,thisisparis,5,0.0010831889081455806
466,antiterrorism,5,0.0010831889081455806
467,paint,5,0.0010831889081455806
468,church,5,0.0010831889081455806
469,planning,5,0.0010831889081455806
470,believed,5,0.0010831889081455806
471,travel,5,0.0010831889081455806
472,prayforsyria,5,0.0010831889081455806
473,visited,5,0.0010831889081455806
474,state…,5,0.0010831889081455806
475,school,5,0.0010831889081455806
476,theatre,5,0.0010831889081455806
477,seine,5,0.0010831889081455806
478,love…,5,0.0010831889081455806
479,crackdown,5,0.0010831889081455806
480,europe,5,0.0010831889081455806
481,song,5,0.0010831889081455806
482,electoral,5,0.0010831889081455806
483,supporter,5,0.0010831889081455806
484,installation,5,0.0010831889081455806
485,digital,5,0.0010831889081455806
486,très,5,0.0010831889081455806
487,parisians,5,0.0010831889081455806
488,banning,5,0.0010831889081455806
489,parisisalwaysagoodidea,5,0.0010831889081455806
490,prosecutor,5,0.0010831889081455806
491,mourns,5,0.0010831889081455806
492,warning,5,0.0010831889081455806
493,update,5,0.0010831889081455806
494,atentados,5,0.0010831889081455806
495,view,5,0.0010831889081455806
496,honours,5,0.0010831889081455806
497,are…,5,0.0010831889081455806
498,shuts,5,0.0010831889081455806
499,like,5,0.0010831889081455806
500,published,5,0.0010831889081455806
501,was…,5,0.0010831889081455806
502,from…,5,0.0010831889081455806
503,hommageauxvictimes,5,0.0010831889081455806
504,police…,5,0.0010831889081455806
505,fluctuat,5,0.0010831889081455806
506,issued,5,0.0010831889081455806
507,considers,5,0.0010831889081455806
508,issue,5,0.0010831889081455806
509,questioning,5,0.0010831889081455806
510,unités,5,0.0010831889081455806
511,series,5,0.0010831889081455806
512,picture,5,0.0010831889081455806
513,terror…,5,0.0010831889081455806
514,masked,5,0.0010831889081455806
515,même,5,0.0010831889081455806
516,what,5,0.0010831889081455806
517,about,5,0.0010831889081455806
518,compensation,5,0.0010831889081455806
519,gigs,5,0.0010831889081455806
520,paying,5,0.0010831889081455806
521,grande,5,0.0010831889081455806
522,changetheclimate,5,0.0010831889081455806
523,montmartre,5,0.0010831889081455806
524,families,5,0.0010831889081455806
525,parisjeteaime,5,0.0010831889081455806
526,kerry,5,0.0010831889081455806
527,want,5,0.0010831889081455806
528,report,5,0.0010831889081455806
529,patrol,5,0.0010831889081455806
530,peur,4,0.0008665511265164644
531,launches,4,0.0008665511265164644
532,carrier,4,0.0008665511265164644
533,moving,4,0.0008665511265164644
534,sources,4,0.0008665511265164644
535,despite,4,0.0008665511265164644
536,cops,4,0.0008665511265164644
537,paris—french,4,0.0008665511265164644
538,prayparis,4,0.0008665511265164644
539,cult,4,0.0008665511265164644
540,massacre,4,0.0008665511265164644
541,atentado,4,0.0008665511265164644
542,bien,4,0.0008665511265164644
543,choisis,4,0.0008665511265164644
544,instaparis,4,0.0008665511265164644
545,that,4,0.0008665511265164644
546,assault,4,0.0008665511265164644
547,force,4,0.0008665511265164644
548,attend,4,0.0008665511265164644
549,evil,4,0.0008665511265164644
550,flowers,4,0.0008665511265164644
551,blanc,4,0.0008665511265164644
552,carillon,4,0.0008665511265164644
553,triomphe,4,0.0008665511265164644
554,suspected…,4,0.0008665511265164644
555,front…,4,0.0008665511265164644
556,sends,4,0.0008665511265164644
557,level,4,0.0008665511265164644
558,results,4,0.0008665511265164644
559,appears,4,0.0008665511265164644
560,français,4,0.0008665511265164644
561,white,4,0.0008665511265164644
562,hotel,4,0.0008665511265164644
563,ville,4,0.0008665511265164644
564,special,4,0.0008665511265164644
565,militant,4,0.0008665511265164644
566,trocadéro,4,0.0008665511265164644
567,latergram,4,0.0008665511265164644
568,moscow,4,0.0008665511265164644
569,hashtag,4,0.0008665511265164644
570,passed,4,0.0008665511265164644
571,internet,4,0.0008665511265164644
572,occurred,4,0.0008665511265164644
573,carried,4,0.0008665511265164644
574,cathédrale,4,0.0008665511265164644
575,help,4,0.0008665511265164644
576,standing,4,0.0008665511265164644
577,issues,4,0.0008665511265164644
578,saint,4,0.0008665511265164644
579,stretchers,4,0.0008665511265164644
580,attack…,4,0.0008665511265164644
581,turchia,4,0.0008665511265164644
582,connection,4,0.0008665511265164644
583,national…,4,0.0008665511265164644
584,fabius,4,0.0008665511265164644
585,users,4,0.0008665511265164644
586,denis,4,0.0008665511265164644
587,baop,4,0.0008665511265164644
588,fresh,4,0.0008665511265164644
589,opparis,4,0.0008665511265164644
590,sang,4,0.0008665511265164644
591,have,4,0.0008665511265164644
592,après,4,0.0008665511265164644
593,migrants,4,0.0008665511265164644
594,stronger,4,0.0008665511265164644
595,happened,4,0.0008665511265164644
596,policy,4,0.0008665511265164644
597,instamood,4,0.0008665511265164644
598,tour…,4,0.0008665511265164644
599,wednesday…,4,0.0008665511265164644
600,guide,4,0.0008665511265164644
601,hostage,4,0.0008665511265164644
602,bamako,4,0.0008665511265164644
603,remains,4,0.0008665511265164644
604,parisiloveyou,4,0.0008665511265164644
605,thursday,4,0.0008665511265164644
606,suis,4,0.0008665511265164644
607,brigade…,4,0.0008665511265164644
608,noms,4,0.0008665511265164644
609,plays,4,0.0008665511265164644
610,global,4,0.0008665511265164644
611,terrore,4,0.0008665511265164644
612,obey,4,0.0008665511265164644
613,saintsulpice,4,0.0008665511265164644
614,release,4,0.0008665511265164644
615,bière,4,0.0008665511265164644
616,dimanche,4,0.0008665511265164644
617,arena,4,0.0008665511265164644
618,bleu,4,0.0008665511265164644
619,dangerous,4,0.0008665511265164644
620,stabbing,4,0.0008665511265164644
621,amour,4,0.0008665511265164644
622,cazeneuve,4,0.0008665511265164644
623,long,4,0.0008665511265164644
624,two…,4,0.0008665511265164644
625,guard,4,0.0008665511265164644
626,record,4,0.0008665511265164644
627,miss,4,0.0008665511265164644
628,mark,4,0.0008665511265164644
629,refugees,4,0.0008665511265164644
630,sites,4,0.0008665511265164644
631,blue,4,0.0008665511265164644
632,need,4,0.0008665511265164644
633,military,4,0.0008665511265164644
634,prayforfrance,4,0.0008665511265164644
635,museelouvre,4,0.0008665511265164644
636,shot,4,0.0008665511265164644
637,palais,4,0.0008665511265164644
638,hollande…,4,0.0008665511265164644
639,united,4,0.0008665511265164644
640,images,4,0.0008665511265164644
641,voters,4,0.0008665511265164644
642,confirms,4,0.0008665511265164644
643,accorhotels,4,0.0008665511265164644
644,lattaque,4,0.0008665511265164644
645,strong,4,0.0008665511265164644
646,remembrance,4,0.0008665511265164644
647,slows,4,0.0008665511265164644
648,cérémonie,4,0.0008665511265164644
649,sacrécœur,4,0.0008665511265164644
650,putin,4,0.0008665511265164644
651,chat,4,0.0008665511265164644
652,recent,4,0.0008665511265164644
653,daily,4,0.0008665511265164644
654,surprise,4,0.0008665511265164644
655,search,4,0.0008665511265164644
656,pont,4,0.0008665511265164644
657,frontman,4,0.0008665511265164644
658,middecember,4,0.0008665511265164644
659,fate,4,0.0008665511265164644
660,london,4,0.0008665511265164644
661,prime,4,0.0008665511265164644
662,instagood,4,0.0008665511265164644
663,parisjetaime…,4,0.0008665511265164644
664,🇫🇷🇫🇷,4,0.0008665511265164644
665,syriavote,4,0.0008665511265164644
666,seeking,4,0.0008665511265164644
667,situation,4,0.0008665511265164644
668,gauche,4,0.0008665511265164644
669,shepard,4,0.0008665511265164644
670,court,4,0.0008665511265164644
671,attentat,4,0.0008665511265164644
672,minute,4,0.0008665511265164644
673,neverforget,4,0.0008665511265164644
674,égalité,4,0.0008665511265164644
675,save,4,0.0008665511265164644
676,leads,4,0.0008665511265164644
677,west,4,0.0008665511265164644
678,come,4,0.0008665511265164644
679,stabs,4,0.0008665511265164644
680,shepardfairey,4,0.0008665511265164644
681,jamais,4,0.0008665511265164644
682,planned,4,0.0008665511265164644
683,louvremuseum,4,0.0008665511265164644
684,insaisissables,4,0.0008665511265164644
685,out…,4,0.0008665511265164644
686,hostages,4,0.0008665511265164644
687,schools,3,0.0006499133448873484
688,fière,3,0.0006499133448873484
689,noussommesparis,3,0.0006499133448873484
690,belt,3,0.0006499133448873484
691,déjà,3,0.0006499133448873484
692,pariscartepostale…,3,0.0006499133448873484
693,detain,3,0.0006499133448873484
694,parisiens,3,0.0006499133448873484
695,grows,3,0.0006499133448873484
696,travelling,3,0.0006499133448873484
697,gunmen,3,0.0006499133448873484
698,started,3,0.0006499133448873484
699,break,3,0.0006499133448873484
700,philosophie,3,0.0006499133448873484
701,parliament,3,0.0006499133448873484
702,instructor,3,0.0006499133448873484
703,accuse,3,0.0006499133448873484
704,egaylity,3,0.0006499133448873484
705,true,3,0.0006499133448873484
706,band,3,0.0006499133448873484
707,cyprus,3,0.0006499133448873484
708,hero,3,0.0006499133448873484
709,terroristi,3,0.0006499133448873484
710,cause,3,0.0006499133448873484
711,extends,3,0.0006499133448873484
712,visiting,3,0.0006499133448873484
713,who…,3,0.0006499133448873484
714,during,3,0.0006499133448873484
715,remaining,3,0.0006499133448873484
716,thanks,3,0.0006499133448873484
717,migrant,3,0.0006499133448873484
718,birmingham,3,0.0006499133448873484
719,polizia,3,0.0006499133448873484
720,replacement,3,0.0006499133448873484
721,father,3,0.0006499133448873484
722,prayforeveryone,3,0.0006499133448873484
723,quoi,3,0.0006499133448873484
724,dont,3,0.0006499133448873484
725,jihadist,3,0.0006499133448873484
726,river,3,0.0006499133448873484
727,pluie,3,0.0006499133448873484
728,visit,3,0.0006499133448873484
729,flags,3,0.0006499133448873484
730,needed,3,0.0006499133448873484
731,laurent,3,0.0006499133448873484
732,official,3,0.0006499133448873484
733,android,3,0.0006499133448873484
734,🇫🇷prayforparis,3,0.0006499133448873484
735,head,3,0.0006499133448873484
736,thoughts,3,0.0006499133448873484
737,instagay,3,0.0006499133448873484
738,politique,3,0.0006499133448873484
739,gear,3,0.0006499133448873484
740,message,3,0.0006499133448873484
741,italia,3,0.0006499133448873484
742,photography,3,0.0006499133448873484
743,puzzles,3,0.0006499133448873484
744,pensées,3,0.0006499133448873484
745,effeiltower,3,0.0006499133448873484
746,trendingprofile,3,0.0006499133448873484
747,toujours,3,0.0006499133448873484
748,rien,3,0.0006499133448873484
749,parisislove,3,0.0006499133448873484
750,warns,3,0.0006499133448873484
751,stopped,3,0.0006499133448873484
752,likely,3,0.0006499133448873484
753,worlds,3,0.0006499133448873484
754,militants…,3,0.0006499133448873484
755,hope,3,0.0006499133448873484
756,site,3,0.0006499133448873484
757,terrorism,3,0.0006499133448873484
758,societypuppets,3,0.0006499133448873484
759,bercy,3,0.0006499133448873484
760,industry,3,0.0006499133448873484
761,quand,3,0.0006499133448873484
762,pens,3,0.0006499133448873484
763,train,3,0.0006499133448873484
764,strip,3,0.0006499133448873484
765,hommage…,3,0.0006499133448873484
766,east,3,0.0006499133448873484
767,forecast,3,0.0006499133448873484
768,leader,3,0.0006499133448873484
769,atentados…,3,0.0006499133448873484
770,centre,3,0.0006499133448873484
771,coalition,3,0.0006499133448873484
772,hard,3,0.0006499133448873484
773,blackandwhite,3,0.0006499133448873484
774,picture…,3,0.0006499133448873484
775,risks,3,0.0006499133448873484
776,lhommage,3,0.0006499133448873484
777,gunman,3,0.0006499133448873484
778,received,3,0.0006499133448873484
779,file,3,0.0006499133448873484
780,song…,3,0.0006499133448873484
781,show,3,0.0006499133448873484
782,sunset,3,0.0006499133448873484
783,heads,3,0.0006499133448873484
784,clash,3,0.0006499133448873484
785,earth,3,0.0006499133448873484
786,wear,3,0.0006499133448873484
787,these,3,0.0006499133448873484
788,entering,3,0.0006499133448873484
789,wheel,3,0.0006499133448873484
790,mwfr,3,0.0006499133448873484
791,expected,3,0.0006499133448873484
792,singer,3,0.0006499133448873484
793,country,3,0.0006499133448873484
794,coordinated,3,0.0006499133448873484
795,artpeace,3,0.0006499133448873484
796,used,3,0.0006499133448873484
797,members,3,0.0006499133448873484
798,proposed,3,0.0006499133448873484
799,identifies,3,0.0006499133448873484
800,tricolor,3,0.0006499133448873484
801,thisisrena,3,0.0006499133448873484
802,taime,3,0.0006499133448873484
803,notafraid,3,0.0006499133448873484
804,drawing,3,0.0006499133448873484
805,vigil,3,0.0006499133448873484
806,plot,3,0.0006499133448873484
807,written,3,0.0006499133448873484
808,voté,3,0.0006499133448873484
809,victim,3,0.0006499133448873484
810,economic,3,0.0006499133448873484
811,scene,3,0.0006499133448873484
812,cette,3,0.0006499133448873484
813,spotlight,3,0.0006499133448873484
814,trust,3,0.0006499133448873484
815,history,3,0.0006499133448873484
816,fort,3,0.0006499133448873484
817,responsible,3,0.0006499133448873484
818,bombing,3,0.0006499133448873484
819,parisbrussels,3,0.0006499133448873484
820,dame,3,0.0006499133448873484
821,freedom,3,0.0006499133448873484
822,demand,3,0.0006499133448873484
823,things,3,0.0006499133448873484
824,explosive,3,0.0006499133448873484
825,declaration,3,0.0006499133448873484
826,extremists,3,0.0006499133448873484
827,memory,3,0.0006499133448873484
828,lead,3,0.0006499133448873484
829,closed,3,0.0006499133448873484
830,studio,3,0.0006499133448873484
831,accepts,3,0.0006499133448873484
832,shows,3,0.0006499133448873484
833,frances…,3,0.0006499133448873484
834,information,3,0.0006499133448873484
835,following…,3,0.0006499133448873484
836,encore,3,0.0006499133448873484
837,fraternité,3,0.0006499133448873484
838,after…,3,0.0006499133448873484
839,emergency…,3,0.0006499133448873484
840,terrorista,3,0.0006499133448873484
841,light…,3,0.0006499133448873484
842,víctimas,3,0.0006499133448873484
843,trenddrivensociety,3,0.0006499133448873484
844,syriabound,3,0.0006499133448873484
845,parismonamour,3,0.0006499133448873484
846,those…,3,0.0006499133448873484
847,instapic,3,0.0006499133448873484
848,tousunis,3,0.0006499133448873484
849,security…,3,0.0006499133448873484
850,lurches,3,0.0006499133448873484
851,went,3,0.0006499133448873484
852,minutes,3,0.0006499133448873484
853,alleged,3,0.0006499133448873484
854,water,3,0.0006499133448873484
855,hollandes,3,0.0006499133448873484
856,minister…,3,0.0006499133448873484
857,reveals,3,0.0006499133448873484
858,lose,3,0.0006499133448873484
859,pense,3,0.0006499133448873484
860,trendinghashtags,3,0.0006499133448873484
861,details,3,0.0006499133448873484
862,museum,3,0.0006499133448873484
863,opened,3,0.0006499133448873484
864,sprayparis,3,0.0006499133448873484
865,prayers,3,0.0006499133448873484
866,lawmakers,3,0.0006499133448873484
867,briana,3,0.0006499133448873484
868,topapps,3,0.0006499133448873484
869,makes,3,0.0006499133448873484
870,noublie,3,0.0006499133448873484
871,guns,3,0.0006499133448873484
872,unidentified,3,0.0006499133448873484
873,cast,3,0.0006499133448873484
874,rejected,3,0.0006499133448873484
875,approach,3,0.0006499133448873484
876,color,3,0.0006499133448873484
877,applications,3,0.0006499133448873484
878,work,3,0.0006499133448873484
879,deux,3,0.0006499133448873484
880,wednesday,3,0.0006499133448873484
881,january,3,0.0006499133448873484
882,londres,3,0.0006499133448873484
883,parisdebout,3,0.0006499133448873484
884,mayor,3,0.0006499133448873484
885,beaujolais,3,0.0006499133448873484
886,mail,3,0.0006499133448873484
887,fears,3,0.0006499133448873484
888,vrai,3,0.0006499133448873484
889,number,3,0.0006499133448873484
890,tousensemble,3,0.0006499133448873484
891,sera,3,0.0006499133448873484
892,david,3,0.0006499133448873484
893,vileparisis,3,0.0006499133448873484
894,windows,3,0.0006499133448873484
895,marine,3,0.0006499133448873484
896,unknown,3,0.0006499133448873484
897,allez,3,0.0006499133448873484
898,december,3,0.0006499133448873484
899,trying,3,0.0006499133448873484
900,finds,3,0.0006499133448873484
901,little,3,0.0006499133448873484
902,lamour,3,0.0006499133448873484
903,this…,3,0.0006499133448873484
904,fallout,3,0.0006499133448873484
905,borders,3,0.0006499133448873484
906,assailant,3,0.0006499133448873484
907,yesterday,3,0.0006499133448873484
908,avez,3,0.0006499133448873484
909,never,3,0.0006499133448873484
910,couple,3,0.0006499133448873484
911,reach,3,0.0006499133448873484
912,club,3,0.0006499133448873484
913,down,3,0.0006499133448873484
914,launched,3,0.0006499133448873484
915,attentatsparis,3,0.0006499133448873484
916,face,3,0.0006499133448873484
917,photographer…,3,0.0006499133448873484
918,turkey,3,0.0006499133448873484
919,last,3,0.0006499133448873484
920,info,3,0.0006499133448873484
921,president…,3,0.0006499133448873484
922,unitedwestand,3,0.0006499133448873484
923,mais,3,0.0006499133448873484
924,attentato,3,0.0006499133448873484
925,subdued,3,0.0006499133448873484
926,gathered,3,0.0006499133448873484
927,nobelpeaceprice…,3,0.0006499133448873484
928,eastern,3,0.0006499133448873484
929,fugitive,3,0.0006499133448873484
930,intensify,3,0.0006499133448873484
931,airline,3,0.0006499133448873484
932,text,3,0.0006499133448873484
933,news,3,0.0006499133448873484
934,nursery,3,0.0006499133448873484
935,hoping,3,0.0006499133448873484
936,terrorist…,3,0.0006499133448873484
937,they,3,0.0006499133448873484
938,tribute…,3,0.0006499133448873484
939,prénom,3,0.0006499133448873484
940,gare,3,0.0006499133448873484
941,said…,3,0.0006499133448873484
942,photos,3,0.0006499133448873484
943,apartment,3,0.0006499133448873484
944,prayforworld,3,0.0006499133448873484
945,lisis,3,0.0006499133448873484
946,patriote,3,0.0006499133448873484
947,sector,3,0.0006499133448873484
948,international,3,0.0006499133448873484
949,molins,3,0.0006499133448873484
950,terroristas,3,0.0006499133448873484
951,authorities…,3,0.0006499133448873484
952,todos,3,0.0006499133448873484
953,les…,3,0.0006499133448873484
954,instagram,3,0.0006499133448873484
955,slowed,3,0.0006499133448873484
956,nous,2,0.0004332755632582322
957,lamb,2,0.0004332755632582322
958,continues,2,0.0004332755632582322
959,bfmtv,2,0.0004332755632582322
960,des…,2,0.0004332755632582322
961,huge,2,0.0004332755632582322
962,germania,2,0.0004332755632582322
963,return,2,0.0004332755632582322
964,shock,2,0.0004332755632582322
965,toutes,2,0.0004332755632582322
966,mettre,2,0.0004332755632582322
967,fire,2,0.0004332755632582322
968,shake,2,0.0004332755632582322
969,noite,2,0.0004332755632582322
970,wonderful,2,0.0004332755632582322
971,clima,2,0.0004332755632582322
972,lasted,2,0.0004332755632582322
973,fontaineauroi,2,0.0004332755632582322
974,parmis,2,0.0004332755632582322
975,trocadero,2,0.0004332755632582322
976,whatsapp,2,0.0004332755632582322
977,cant,2,0.0004332755632582322
978,dies,2,0.0004332755632582322
979,bufala,2,0.0004332755632582322
980,capodanno,2,0.0004332755632582322
981,list,2,0.0004332755632582322
982,trend,2,0.0004332755632582322
983,hipstamatic,2,0.0004332755632582322
984,antiis,2,0.0004332755632582322
985,cathedral,2,0.0004332755632582322
986,warned,2,0.0004332755632582322
987,officers,2,0.0004332755632582322
988,everything,2,0.0004332755632582322
989,attaqué,2,0.0004332755632582322
990,défense,2,0.0004332755632582322
991,cafes,2,0.0004332755632582322
992,aircraft,2,0.0004332755632582322
993,sofitel,2,0.0004332755632582322
994,mort,2,0.0004332755632582322
995,early…,2,0.0004332755632582322
996,aptopix,2,0.0004332755632582322
997,souvent,2,0.0004332755632582322
998,raison,2,0.0004332755632582322
999,center,2,0.0004332755632582322
1000,sparkes…,2,0.0004332755632582322
1001,claiming,2,0.0004332755632582322
1002,cuff,2,0.0004332755632582322
1003,cormeilles,2,0.0004332755632582322
1004,louiseattaque,2,0.0004332755632582322
1005,grainedephotographe,2,0.0004332755632582322
1006,numbers,2,0.0004332755632582322
1007,moroccan,2,0.0004332755632582322
1008,become,2,0.0004332755632582322
1009,rouge,2,0.0004332755632582322
1010,title…,2,0.0004332755632582322
1011,finance,2,0.0004332755632582322
1012,semaines,2,0.0004332755632582322
1013,obama…,2,0.0004332755632582322
1014,both,2,0.0004332755632582322
1015,tough,2,0.0004332755632582322
1016,pire,2,0.0004332755632582322
1017,leaders,2,0.0004332755632582322
1018,parisis,2,0.0004332755632582322
1019,invented,2,0.0004332755632582322
1020,porsche,2,0.0004332755632582322
1021,academical,2,0.0004332755632582322
1022,down…,2,0.0004332755632582322
1023,defiance,2,0.0004332755632582322
1024,ammunition,2,0.0004332755632582322
1025,ladefense,2,0.0004332755632582322
1026,parisisalwaysagoodidea…,2,0.0004332755632582322
1027,block,2,0.0004332755632582322
1028,his…,2,0.0004332755632582322
1029,lives,2,0.0004332755632582322
1030,atlfeditorialconceptstore,2,0.0004332755632582322
1031,valls,2,0.0004332755632582322
1032,track,2,0.0004332755632582322
1033,seineriver,2,0.0004332755632582322
1034,este,2,0.0004332755632582322
1035,turkish,2,0.0004332755632582322
1036,new…,2,0.0004332755632582322
1037,nigerias,2,0.0004332755632582322
1038,arrondissement,2,0.0004332755632582322
1039,romain,2,0.0004332755632582322
1040,nursery…,2,0.0004332755632582322
1041,mourners,2,0.0004332755632582322
1042,peacefortheworld,2,0.0004332755632582322
1043,inside,2,0.0004332755632582322
1044,lieux,2,0.0004332755632582322
1045,parisianlifestyle,2,0.0004332755632582322
1046,manege,2,0.0004332755632582322
1047,jours,2,0.0004332755632582322
1048,celine,2,0.0004332755632582322
1049,right…,2,0.0004332755632582322
1050,champs,2,0.0004332755632582322
1051,network,2,0.0004332755632582322
1052,urges,2,0.0004332755632582322
1053,placed,2,0.0004332755632582322
1054,obsession,2,0.0004332755632582322
1055,announcing,2,0.0004332755632582322
1056,emmanuel,2,0.0004332755632582322
1057,youth,2,0.0004332755632582322
1058,resolve,2,0.0004332755632582322
1059,ciel,2,0.0004332755632582322
1060,reduces,2,0.0004332755632582322
1061,knowing,2,0.0004332755632582322
1062,envie,2,0.0004332755632582322
1063,scared,2,0.0004332755632582322
1064,economy…,2,0.0004332755632582322
1065,psgtroyes,2,0.0004332755632582322
1066,dois,2,0.0004332755632582322
1067,spread,2,0.0004332755632582322
1068,utsoaeurope,2,0.0004332755632582322
1069,accorhotelsarena…,2,0.0004332755632582322
1070,thank,2,0.0004332755632582322
1071,enrollment,2,0.0004332755632582322
1072,kong,2,0.0004332755632582322
1073,there,2,0.0004332755632582322
1074,surges,2,0.0004332755632582322
1075,passe,2,0.0004332755632582322
1076,hardrockcafe,2,0.0004332755632582322
1077,afraid,2,0.0004332755632582322
1078,saturday…,2,0.0004332755632582322
1079,moutonduvernet,2,0.0004332755632582322
1080,marcusandmartinus,2,0.0004332755632582322
1081,museum…,2,0.0004332755632582322
1082,want…,2,0.0004332755632582322
1083,cancels,2,0.0004332755632582322
1084,tartar,2,0.0004332755632582322
1085,malcolm,2,0.0004332755632582322
1086,trained,2,0.0004332755632582322
1087,duty,2,0.0004332755632582322
1088,pour,2,0.0004332755632582322
1089,region…,2,0.0004332755632582322
1090,paul,2,0.0004332755632582322
1091,best,2,0.0004332755632582322
1092,eurozone,2,0.0004332755632582322
1093,saisissant,2,0.0004332755632582322
1094,prayersparis,2,0.0004332755632582322
1095,aggad,2,0.0004332755632582322
1096,streets,2,0.0004332755632582322
1097,sassou,2,0.0004332755632582322
1098,study,2,0.0004332755632582322
1099,instaparis…,2,0.0004332755632582322
1100,saintlazare,2,0.0004332755632582322
1101,accounts,2,0.0004332755632582322
1102,française,2,0.0004332755632582322
1103,against…,2,0.0004332755632582322
1104,torre,2,0.0004332755632582322
1105,troops,2,0.0004332755632582322
1106,signups,2,0.0004332755632582322
1107,campaign,2,0.0004332755632582322
1108,stigmabase,2,0.0004332755632582322
1109,mali,2,0.0004332755632582322
1110,forever,2,0.0004332755632582322
1111,telegram,2,0.0004332755632582322
1112,marks…,2,0.0004332755632582322
1113,noir,2,0.0004332755632582322
1114,data,2,0.0004332755632582322
1115,gay…,2,0.0004332755632582322
1116,leparisien,2,0.0004332755632582322
1117,several,2,0.0004332755632582322
1118,subway,2,0.0004332755632582322
1119,atlf,2,0.0004332755632582322
1120,family,2,0.0004332755632582322
1121,solesin,2,0.0004332755632582322
1122,red…,2,0.0004332755632582322
1123,multiple,2,0.0004332755632582322
1124,coexister,2,0.0004332755632582322
1125,famille,2,0.0004332755632582322
1126,wanted,2,0.0004332755632582322
1127,pledges,2,0.0004332755632582322
1128,levinas,2,0.0004332755632582322
1129,light,2,0.0004332755632582322
1130,step,2,0.0004332755632582322
1131,hoje,2,0.0004332755632582322
1132,coverage,2,0.0004332755632582322
1133,prevented,2,0.0004332755632582322
1134,fast,2,0.0004332755632582322
1135,were…,2,0.0004332755632582322
1136,citizen,2,0.0004332755632582322
1137,boulevard,2,0.0004332755632582322
1138,lied,2,0.0004332755632582322
1139,three…,2,0.0004332755632582322
1140,iloveparis…,2,0.0004332755632582322
1141,victorian,2,0.0004332755632582322
1142,parti,2,0.0004332755632582322
1143,calma,2,0.0004332755632582322
1144,snapshot,2,0.0004332755632582322
1145,recrudescence,2,0.0004332755632582322
1146,alive,2,0.0004332755632582322
1147,abattu,2,0.0004332755632582322
1148,drinks,2,0.0004332755632582322
1149,molenbeek,2,0.0004332755632582322
1150,radical,2,0.0004332755632582322
1151,sitting,2,0.0004332755632582322
1152,relatives,2,0.0004332755632582322
1153,darkest,2,0.0004332755632582322
