184454249
1305509970
15956049
163050214
1677711116
18218483
600850486
610380102
206814220
15255661
823755344
391039050
314060080
31080997
21777519
180283669
122042885
1305570188
186535909
3126303755
289554265
16251766
438779935
222234801
1177554198
2155909658
1376346553
2577313446
123664049
3297911474
892131031
263633697
57183081
100806686
1873008726
250673385
104647913
1450956072
60888395
399599978
1709776248
4003942823
1169929861
261226578
701844182
69157731
703829028
372444197
175214634
16065714
1265339005
5770762
150904161
361782369
78594000
1652483947
262091221
107104410
35177640
132562097
2241032568
434355624
533296353
22147351
454953241
292984026
1077386838
45047078
10628412
48764224
14248265
188901719
37639526
293434742
260148624
2405258653
254679473
957195542
262927826
366607838
28747261
183934465
205306385
561042965
51432991
191092262
566497833
957848107
2320944697
1036900946
1564064358
50618984
986850942
63472831
64161431
68197025
135017135
24859254
72408775
69224141
26049235
88486646
2883281723
467909441
249276226
337427570
82328753
47174506
73846642
1056526200
8611732
258725796
298197939
1035633594
38749120
1015897255
97401254
338244193
351107073
278083586
51540995
599582724
479183877
115160070
1115170825
75502606
5007021
1445924880
83603800
118994947
127921173
86713401
836173657
3433906798
899545604
1943583408
27984931
397180966
327224360
56692061
281046066
134336424
20093571
432366761
1260472814
61269050
142473595
217934908
76500337
1643764747
110528587
2598246476
540994670
276704349
493390930
28387421
1881399390
3648392293
2793983079
3047492712
1055139948
632891502
70500465
86275186
69523475
2386829428
402103414
191573115
156116096
179624128
43716737
466484356
2369022305
477020297
3971225740
303196304
52357493
333856917
513303121
106776727
236532079
101450908
247854237
924983454
76460191
170815648
2302402075
2845773988
188389541
128430247
49687068
85387435
2420845382
594686130
377473204
591071413
4162570426
2049211
449285309
936885439
33425600
524158145
353972418
266449611
49571012
112500598
114597065
188908747
390795710
77891801
107001050
274487382
592023776
47990022
1045656955
354701547
171662573
3107914990
93912104
27482835
3892903157
95087359
430919927
1071071480
22771961
481997091
256521722
381424898
375589590
507780177
2332239111
1191201
899889422
161993203
96974097
83938892
71609626
234176047
601303328
154911280
4003300643
1587851557
1577639214
283120943
236457864
539614771
2490145077
522710751
365541258
19286334
18962751
15686977
105941315
933361988
2230583622
482080071
37241160
61882705
27660628
50950485
48371030
8767832
3294119860
151479645
215754081
138418838
401324396
3047462255
90603888
73318769
127485299
146033012
339007861
46221687
1056084283
498393467
31438204
51998077
331616638
402795925
96626049
121042325
118049162
115559822
3045020441
2337316242
389356949
440753558
112265841
28317081
353126633
978713792
746376606
124467618
194512293
50799014
136356081
572915112
262080937
67713451
253039020
18584989
2857068976
2927219397
552977651
396992949
2198508984
384692416
18707902
386566389
23240983
582627777
407846987
209054148
67264966
2742061511
707079625
1135402442
2542861559
215933390
25891279
1964974530
131852195
229392852
23358030
40516055
28189144
510428068
2628280796
274937315
15143396
470064550
1730037841
222308840
305647338
204049901
828716526
580181487
2904312304
14226856
219603442
85621238
242664873
2739509752
499297785
48558586
249222651
108806652
23116291
536944132
265079581
69113352
1270155786
91554316
138455803
500047375
34542102
1546633752
260463131
3077636636
57279005
149504801
216010275
2972735619
34939674
102373934
125159983
71243312
159618609
51031115
1207310899
1255683637
634646282
184926782
606660159
5529152
480587330
560025159
396814945
1089179208
37740265
187179596
60872270
298067537
2366853016
510522964
1880315478
467824218
2562077275
104255069
133292645
200330848
82433633
439113318
2172647185
869507689
953193067
589670478
385835630
257929394
126811752
455176979
1685271156
1164396990
732832374
1197760405
2268586617
4236718714
2482087844
559372925
36929151
2361482880
3019968129
1440421507
83553924
251367048
208056970
26274443
27782798
349750930
136146936
53037718
165201562
37387931
31564944
129536427
602048158
1260607429
25714630
122222247
144947881
186423980
1272350911
27731632
36095667
1692609206
102103735
914392766
263624384
122457794
949232324
2192227014
473690826
14544587
1031037644
118638286
977818573
3149975248
35146449
598511595
375879672
46592497
538114995
15734154
392333023
288761808
76499904
296868584
113924841
468306666
76919533
253007598
98472687
3176123122
191112659
610154233
12191482
92577407
110914727
219756501
30404354
287872293
14257926
1138504321
703790209
271881993
339286398
36705036
192663313
713196307
415556374
1469844698
2945463065
266246938
239655707
3061391133
3254177566
30231327
46379808
930591522
14267173
366622118
1089861416
381722915
14552875
3890890540
1434178326
1009424179
74338109
20817726
189600395
1649942342
39984967
1037479752
41793676
258790218
629300043
2873799319
2148634445
2335261266
368871907
270853774
50296664
50976602
130672478
2248684005
20429664
556428129
20820247
3165258599
2763429736
454193127
501996396
15422320
265597928
271048128
475279854
49550202
40433532
700097409
2329358210
36336107
634235030
16083846
222263175
402873224
76742538
340848791
1100218254
28789571
36117397
3077894038
188307352
84275097
22905754
318411172
135133850
64744352
46651299
169657670
83835815
484604840
302858396
2377064366
123521377
519150920
9135552
524321438
21726134
465084745
40891320
114528189
309373892
199766981
31705030
20697031
154162120
77502410
422306765
21705678
20946895
80361424
174955473
120397779
109133781
1136551975
604582875
98450397
312341470
2680717989
87683416
387011553
209660903
241222632
377591788
15917040
221649905
122550227
184603817
51760120
551257083
496952316
20946867
620179285
