index,word,frequency,likelihood
0,paris,1393,0.36979028404565967
1,attacks,654,0.1736129546057871
2,france,639,0.16963100610565437
3,prayforparis,405,0.10751260950358375
4,french,333,0.08839925670294664
5,attack,123,0.0326519777010884
6,bataclan,110,0.02920095566764003
7,police,110,0.02920095566764003
8,victims,106,0.028139102734271303
9,parisattacks,82,0.021767985134058934
10,frances,78,0.020706132200690206
11,terror,77,0.020440668967348023
12,place,70,0.018582426333952747
13,jesuisparis,65,0.017255110167241836
14,national,59,0.015662330767188745
15,isis,59,0.015662330767188745
16,the…,56,0.014865941067162198
17,attacker,55,0.014600477833820015
18,terrorist,52,0.01380408813379347
19,republique,52,0.01380408813379347
20,people,45,0.011945845500398195
21,love,45,0.011945845500398195
22,eiffel,43,0.011414919033713831
23,paris…,43,0.011414919033713831
24,president,41,0.010883992567029467
25,arrested,40,0.010618529333687284
26,tour,40,0.010618529333687284
27,hollande,39,0.010353066100345103
28,belgium,39,0.010353066100345103
29,photo,38,0.01008760286700292
30,killed,38,0.01008760286700292
31,teacher,37,0.009822139633660737
32,prayforparis…,36,0.009556676400318556
33,wake,35,0.009291213166976373
34,november,34,0.009025749933634192
35,tribute,34,0.009025749933634192
36,suspect,33,0.00876028670029201
37,huaweishot,32,0.008494823466949828
38,syria,32,0.008494823466949828
39,state,32,0.008494823466949828
40,suspects,31,0.008229360233607645
41,eiffeltower,31,0.008229360233607645
42,farright,31,0.008229360233607645
43,parisjetaime,30,0.007963897000265464
44,terroristes,29,0.007698433766923281
45,following,29,0.007698433766923281
46,hommage,29,0.007698433766923281
47,streetart,29,0.007698433766923281
48,peace,29,0.007698433766923281
49,sprayforparis,28,0.007432970533581099
50,vote,26,0.006902044066896735
51,right,25,0.006636580833554553
52,minister,25,0.006636580833554553
53,terroriste,25,0.006636580833554553
54,security,25,0.006636580833554553
55,memorial,25,0.006636580833554553
56,toureiffel,24,0.00637111760021237
57,friday,24,0.00637111760021237
58,authorities,23,0.006105654366870188
59,says,23,0.006105654366870188
60,russia,23,0.006105654366870188
61,french…,22,0.005840191133528006
62,suspected,22,0.005840191133528006
63,elections,22,0.005840191133528006
64,weeks,22,0.005840191133528006
65,raid,21,0.005574727900185824
66,islamic,21,0.005574727900185824
67,bono,20,0.005309264666843642
68,death,20,0.005309264666843642
69,novembre,20,0.005309264666843642
70,army,20,0.005309264666843642
71,fluctuatnecmergitur,20,0.005309264666843642
72,invalides,19,0.00504380143350146
73,honors,19,0.00504380143350146
74,franceklm,19,0.00504380143350146
75,huawei,19,0.00504380143350146
76,held,19,0.00504380143350146
77,regional,19,0.00504380143350146
78,concert,18,0.004778338200159278
79,arrests,18,0.004778338200159278
80,attackers,18,0.004778338200159278
81,attentats,18,0.004778338200159278
82,francois,18,0.004778338200159278
83,service,18,0.004778338200159278
84,wifi,18,0.004778338200159278
85,mastermind,18,0.004778338200159278
86,pray,17,0.004512874966817096
87,pays,17,0.004512874966817096
88,ceremony,16,0.004247411733474914
89,austria,16,0.004247411733474914
90,arturbain,16,0.004247411733474914
91,said,15,0.003981948500132732
92,obama,15,0.003981948500132732
93,france…,15,0.003981948500132732
94,deadly,15,0.003981948500132732
95,latest,15,0.003981948500132732
96,identified,15,0.003981948500132732
97,république,15,0.003981948500132732
98,mourn,15,0.003981948500132732
99,million,15,0.003981948500132732
100,week,15,0.003981948500132732
101,photographer,14,0.0037164852667905496
102,raids,14,0.0037164852667905496
103,economy,14,0.0037164852667905496
104,stade,14,0.0037164852667905496
105,yearold,14,0.0037164852667905496
106,month,14,0.0037164852667905496
107,attacked,13,0.0034510220334483675
108,and…,13,0.0034510220334483675
109,puppy,13,0.0034510220334483675
110,wins,13,0.0034510220334483675
111,public,13,0.0034510220334483675
112,holds,13,0.0034510220334483675
113,memepaspeur,13,0.0034510220334483675
114,votes,13,0.0034510220334483675
115,emergency,13,0.0034510220334483675
116,interior,12,0.003185558800106185
117,victimes,12,0.003185558800106185
118,continue,12,0.003185558800106185
119,parc,12,0.003185558800106185
120,notinmyname,12,0.003185558800106185
121,nearly,12,0.003185558800106185
122,mosques,12,0.003185558800106185
123,terrorists,12,0.003185558800106185
124,tower,12,0.003185558800106185
125,amid,12,0.003185558800106185
126,intelligence,12,0.003185558800106185
127,officials,12,0.003185558800106185
128,election,12,0.003185558800106185
129,fans,12,0.003185558800106185
130,linked,11,0.002920095566764003
131,probe,11,0.002920095566764003
132,suicide,11,0.002920095566764003
133,bonne,11,0.002920095566764003
134,bomber,11,0.002920095566764003
135,homage,11,0.002920095566764003
136,stabbed,11,0.002920095566764003
137,princes,11,0.002920095566764003
138,impact,11,0.002920095566764003
139,hall,11,0.002920095566764003
140,poll,11,0.002920095566764003
141,months,10,0.002654632333421821
142,eagles,10,0.002654632333421821
143,today,10,0.002654632333421821
144,urbanart,10,0.002654632333421821
145,cost,10,0.002654632333421821
146,that…,10,0.002654632333421821
147,city,10,0.002654632333421821
148,have…,10,0.002654632333421821
149,government,10,0.002654632333421821
150,madonna,10,0.002654632333421821
151,remembers,10,0.002654632333421821
152,ringleader,10,0.002654632333421821
153,reopens,10,0.002654632333421821
154,has…,10,0.002654632333421821
155,arrest,10,0.002654632333421821
156,parisienne,10,0.002654632333421821
157,bleublancrouge,10,0.002654632333421821
158,reuters,10,0.002654632333421821
159,just,10,0.002654632333421821
160,night,10,0.002654632333421821
161,belle,10,0.002654632333421821
162,away,10,0.002654632333421821
163,dead,9,0.002389169100079639
164,paid,9,0.002389169100079639
165,foued,9,0.002389169100079639
166,join,9,0.002389169100079639
167,shut,9,0.002389169100079639
168,push,9,0.002389169100079639
169,party,9,0.002389169100079639
170,aéroport,9,0.002389169100079639
171,growth,9,0.002389169100079639
172,suburb,9,0.002389169100079639
173,left,9,0.002389169100079639
174,strikes,9,0.002389169100079639
175,identify,9,0.002389169100079639
176,flag,9,0.002389169100079639
177,visita,9,0.002389169100079639
178,placedelarepublique,9,0.002389169100079639
179,plus,9,0.002389169100079639
180,metal,9,0.002389169100079639
181,cafe,9,0.002389169100079639
182,bodies,9,0.002389169100079639
183,euros,9,0.002389169100079639
184,mourning,9,0.002389169100079639
185,woman,9,0.002389169100079639
186,airstrikes,9,0.002389169100079639
187,hold,9,0.002389169100079639
188,citing,9,0.002389169100079639
189,round,9,0.002389169100079639
190,polls,9,0.002389169100079639
191,parigi,9,0.002389169100079639
192,live,9,0.002389169100079639
193,hommagenational,8,0.002123705866737457
194,source,8,0.002123705866737457
195,salah,8,0.002123705866737457
196,banned,8,0.002123705866737457
197,trndnl,8,0.002123705866737457
198,days,8,0.002123705866737457
199,talks,8,0.002123705866737457
200,mohamed,8,0.002123705866737457
201,video,8,0.002123705866737457
202,parís,8,0.002123705866737457
203,free,8,0.002123705866737457
204,belgian,8,0.002123705866737457
205,aftermath,8,0.002123705866737457
206,café,8,0.002123705866737457
207,wants,8,0.002123705866737457
208,stand,8,0.002123705866737457
209,saintdenis,8,0.002123705866737457
210,candles,8,0.002123705866737457
211,mosque,8,0.002123705866737457
212,seek,8,0.002123705866737457
213,entry,8,0.002123705866737457
214,investigation,8,0.002123705866737457
215,brussels,8,0.002123705866737457
216,people…,8,0.002123705866737457
217,prayforparis🇫🇷,8,0.002123705866737457
218,lost,8,0.002123705866737457
219,britain,8,0.002123705866737457
220,abdeslam,8,0.002123705866737457
221,quartier,8,0.002123705866737457
222,outside,8,0.002123705866737457
223,know,8,0.002123705866737457
224,alert,8,0.002123705866737457
225,siria,8,0.002123705866737457
226,attacks…,7,0.0018582426333952748
227,liberté,7,0.0018582426333952748
228,revenue,7,0.0018582426333952748
229,prosecutors,7,0.0018582426333952748
230,barack,7,0.0018582426333952748
231,hôtel,7,0.0018582426333952748
232,islamist,7,0.0018582426333952748
233,response,7,0.0018582426333952748
234,stop,7,0.0018582426333952748
235,abdelhamid,7,0.0018582426333952748
236,offers,7,0.0018582426333952748
237,muslim,7,0.0018582426333952748
238,boost,7,0.0018582426333952748
239,beautiful,7,0.0018582426333952748
240,bourget,7,0.0018582426333952748
241,climate,7,0.0018582426333952748
242,place…,7,0.0018582426333952748
243,music,7,0.0018582426333952748
244,diesel,7,0.0018582426333952748
245,solidarity,7,0.0018582426333952748
246,services,7,0.0018582426333952748
247,foreign,7,0.0018582426333952748
248,silence,7,0.0018582426333952748
249,petit,7,0.0018582426333952748
250,postparis,7,0.0018582426333952748
251,world,7,0.0018582426333952748
252,calls,7,0.0018582426333952748
253,monday,7,0.0018582426333952748
254,mobilephotography,7,0.0018582426333952748
255,extend,7,0.0018582426333952748
256,francia,7,0.0018582426333952748
257,europes,7,0.0018582426333952748
258,tuesday,7,0.0018582426333952748
259,drawings,7,0.0018582426333952748
260,tensions,7,0.0018582426333952748
261,muslims,7,0.0018582426333952748
262,igersparis,7,0.0018582426333952748
263,widen,7,0.0018582426333952748
264,link,7,0.0018582426333952748
265,for…,7,0.0018582426333952748
266,concorde,7,0.0018582426333952748
267,abaaoud,7,0.0018582426333952748
268,fight,7,0.0018582426333952748
269,died,7,0.0018582426333952748
270,destroy,7,0.0018582426333952748
271,seeks,7,0.0018582426333952748
272,gains,7,0.0018582426333952748
273,solemn,7,0.0018582426333952748
274,denied,7,0.0018582426333952748
275,taken,6,0.0015927794000530925
276,memories,6,0.0015927794000530925
277,liveinparis,6,0.0015927794000530925
278,support,6,0.0015927794000530925
279,took,6,0.0015927794000530925
280,stadium,6,0.0015927794000530925
281,popularity,6,0.0015927794000530925
282,tourism,6,0.0015927794000530925
283,prayfortheworld,6,0.0015927794000530925
284,equipe,6,0.0015927794000530925
285,gather,6,0.0015927794000530925
286,change,6,0.0015927794000530925
287,names,6,0.0015927794000530925
288,links,6,0.0015927794000530925
289,been…,6,0.0015927794000530925
290,ahead,6,0.0015927794000530925
291,football,6,0.0015927794000530925
292,louvre,6,0.0015927794000530925
293,surge,6,0.0015927794000530925
294,sees,6,0.0015927794000530925
295,euro,6,0.0015927794000530925
296,arrestation,6,0.0015927794000530925
297,estimates,6,0.0015927794000530925
298,strasbourg,6,0.0015927794000530925
299,remember,6,0.0015927794000530925
300,parisattack,6,0.0015927794000530925
301,open,6,0.0015927794000530925
302,bonjour,6,0.0015927794000530925
303,turns,6,0.0015927794000530925
304,hamilton,6,0.0015927794000530925
305,passer,6,0.0015927794000530925
306,hunt,6,0.0015927794000530925
307,paix,6,0.0015927794000530925
308,prayforpeace,6,0.0015927794000530925
309,adore,6,0.0015927794000530925
310,syrian,6,0.0015927794000530925
311,jour,6,0.0015927794000530925
312,geneva,6,0.0015927794000530925
313,children,6,0.0015927794000530925
314,eyes,6,0.0015927794000530925
315,notes,6,0.0015927794000530925
316,cambodge,6,0.0015927794000530925
317,lights,6,0.0015927794000530925
318,high,6,0.0015927794000530925
319,claimed,6,0.0015927794000530925
320,parisattacks…,6,0.0015927794000530925
321,faisait,6,0.0015927794000530925
322,urbanart…,6,0.0015927794000530925
323,germany,6,0.0015927794000530925
324,homosexuel,6,0.0015927794000530925
325,replace,6,0.0015927794000530925
326,with…,6,0.0015927794000530925
327,preschool,6,0.0015927794000530925
328,office,6,0.0015927794000530925
329,semaine,6,0.0015927794000530925
330,russian,6,0.0015927794000530925
331,picoftheday,6,0.0015927794000530925
332,respect,6,0.0015927794000530925
333,capital,6,0.0015927794000530925
334,bernard,6,0.0015927794000530925
335,fear,5,0.0013273161667109105
336,changetheclimate,5,0.0013273161667109105
337,police…,5,0.0013273161667109105
338,biere,5,0.0013273161667109105
339,mourns,5,0.0013273161667109105
340,questioning,5,0.0013273161667109105
341,respects,5,0.0013273161667109105
342,writes,5,0.0013273161667109105
343,are…,5,0.0013273161667109105
344,frenchman,5,0.0013273161667109105
345,survivors,5,0.0013273161667109105
346,installation,5,0.0013273161667109105
347,performing,5,0.0013273161667109105
348,musulmans,5,0.0013273161667109105
349,paint,5,0.0013273161667109105
350,begins,5,0.0013273161667109105
351,gigs,5,0.0013273161667109105
352,takes,5,0.0013273161667109105
353,california,5,0.0013273161667109105
354,northern,5,0.0013273161667109105
355,françois,5,0.0013273161667109105
356,banning,5,0.0013273161667109105
357,electoral,5,0.0013273161667109105
358,mohamedaggad,5,0.0013273161667109105
359,later,5,0.0013273161667109105
360,unités,5,0.0013273161667109105
361,want,5,0.0013273161667109105
362,threat,5,0.0013273161667109105
363,major,5,0.0013273161667109105
364,europe,5,0.0013273161667109105
365,debout,5,0.0013273161667109105
366,proud,5,0.0013273161667109105
367,carries,5,0.0013273161667109105
368,love…,5,0.0013273161667109105
369,picture,5,0.0013273161667109105
370,compensation,5,0.0013273161667109105
371,kerry,5,0.0013273161667109105
372,from…,5,0.0013273161667109105
373,jesuisbataclan,5,0.0013273161667109105
374,regional…,5,0.0013273161667109105
375,antiterrorism,5,0.0013273161667109105
376,issued,5,0.0013273161667109105
377,gives,5,0.0013273161667109105
378,iloveparis,5,0.0013273161667109105
379,refugee,5,0.0013273161667109105
380,même,5,0.0013273161667109105
381,shuts,5,0.0013273161667109105
382,its…,5,0.0013273161667109105
383,church,5,0.0013273161667109105
384,honours,5,0.0013273161667109105
385,state…,5,0.0013273161667109105
386,sunday,5,0.0013273161667109105
387,like,5,0.0013273161667109105
388,moment,5,0.0013273161667109105
389,terror…,5,0.0013273161667109105
390,families,5,0.0013273161667109105
391,crackdown,5,0.0013273161667109105
392,young,5,0.0013273161667109105
393,architecture,5,0.0013273161667109105
394,forces,5,0.0013273161667109105
395,time,5,0.0013273161667109105
396,update,5,0.0013273161667109105
397,parisian,5,0.0013273161667109105
398,business,5,0.0013273161667109105
399,daesh,5,0.0013273161667109105
400,issue,5,0.0013273161667109105
401,uietour,5,0.0013273161667109105
402,life,5,0.0013273161667109105
403,parisbynight,5,0.0013273161667109105
404,paying,5,0.0013273161667109105
405,warning,5,0.0013273161667109105
406,report,5,0.0013273161667109105
407,drapeau,5,0.0013273161667109105
408,duncanlovesphotography,5,0.0013273161667109105
409,considers,5,0.0013273161667109105
410,came,5,0.0013273161667109105
411,sharing,5,0.0013273161667109105
412,reeling,5,0.0013273161667109105
413,chief,5,0.0013273161667109105
414,parisians,5,0.0013273161667109105
415,patrol,5,0.0013273161667109105
416,iraq,5,0.0013273161667109105
417,prayforsyria,5,0.0013273161667109105
418,british,5,0.0013273161667109105
419,soldiers,5,0.0013273161667109105
420,hommageauxvictimes,5,0.0013273161667109105
421,atentados,5,0.0013273161667109105
422,travel,5,0.0013273161667109105
423,song,5,0.0013273161667109105
424,was…,5,0.0013273161667109105
425,digital,5,0.0013273161667109105
426,hours,5,0.0013273161667109105
427,morning,5,0.0013273161667109105
428,jesuisterasse,5,0.0013273161667109105
429,connection,4,0.0010618529333687285
430,stretchers,4,0.0010618529333687285
431,sends,4,0.0010618529333687285
432,jamais,4,0.0010618529333687285
433,come,4,0.0010618529333687285
434,seen,4,0.0010618529333687285
435,safe,4,0.0010618529333687285
436,out…,4,0.0010618529333687285
437,london,4,0.0010618529333687285
438,wednesday…,4,0.0010618529333687285
439,attend,4,0.0010618529333687285
440,prayparis,4,0.0010618529333687285
441,christmas,4,0.0010618529333687285
442,attentat,4,0.0010618529333687285
443,dangerous,4,0.0010618529333687285
444,vivre,4,0.0010618529333687285
445,blanc,4,0.0010618529333687285
446,military,4,0.0010618529333687285
447,plays,4,0.0010618529333687285
448,seeking,4,0.0010618529333687285
449,internet,4,0.0010618529333687285
450,national…,4,0.0010618529333687285
451,west,4,0.0010618529333687285
452,hotel,4,0.0010618529333687285
453,tour…,4,0.0010618529333687285
454,égalité,4,0.0010618529333687285
455,refugees,4,0.0010618529333687285
456,lattaque,4,0.0010618529333687285
457,despite,4,0.0010618529333687285
458,special,4,0.0010618529333687285
459,parisiloveyou,4,0.0010618529333687285
460,ville,4,0.0010618529333687285
461,saintsulpice,4,0.0010618529333687285
462,assault,4,0.0010618529333687285
463,white,4,0.0010618529333687285
464,thursday,4,0.0010618529333687285
465,two…,4,0.0010618529333687285
466,force,4,0.0010618529333687285
467,cameron,4,0.0010618529333687285
468,guide,4,0.0010618529333687285
469,passed,4,0.0010618529333687285
470,suspected…,4,0.0010618529333687285
471,help,4,0.0010618529333687285
472,situation,4,0.0010618529333687285
473,bière,4,0.0010618529333687285
474,weeks…,4,0.0010618529333687285
475,stronger,4,0.0010618529333687285
476,court,4,0.0010618529333687285
477,release,4,0.0010618529333687285
478,near,4,0.0010618529333687285
479,champsélysées,4,0.0010618529333687285
480,miss,4,0.0010618529333687285
481,brigade…,4,0.0010618529333687285
482,accorhotels,4,0.0010618529333687285
483,îledefrance,4,0.0010618529333687285
484,français,4,0.0010618529333687285
485,minute,4,0.0010618529333687285
486,carried,4,0.0010618529333687285
487,carillon,4,0.0010618529333687285
488,parisjetaime…,4,0.0010618529333687285
489,carrier,4,0.0010618529333687285
490,recent,4,0.0010618529333687285
491,series,4,0.0010618529333687285
492,visited,4,0.0010618529333687285
493,search,4,0.0010618529333687285
494,amour,4,0.0010618529333687285
495,daily,4,0.0010618529333687285
496,mergitur,4,0.0010618529333687285
497,instagood,4,0.0010618529333687285
498,migrants,4,0.0010618529333687285
499,cops,4,0.0010618529333687285
500,remembrance,4,0.0010618529333687285
501,massacre,4,0.0010618529333687285
502,instadaily,4,0.0010618529333687285
503,results,4,0.0010618529333687285
504,confirms,4,0.0010618529333687285
505,fabius,4,0.0010618529333687285
506,crisis,4,0.0010618529333687285
507,arena,4,0.0010618529333687285
508,moving,4,0.0010618529333687285
509,shot,4,0.0010618529333687285
510,flowers,4,0.0010618529333687285
511,après,4,0.0010618529333687285
512,attack…,4,0.0010618529333687285
513,sources,4,0.0010618529333687285
514,happened,4,0.0010618529333687285
515,cazeneuve,4,0.0010618529333687285
516,front…,4,0.0010618529333687285
517,remains,4,0.0010618529333687285
518,latergram,4,0.0010618529333687285
519,middecember,4,0.0010618529333687285
520,good,4,0.0010618529333687285
521,save,4,0.0010618529333687285
522,invoking,4,0.0010618529333687285
523,friends,4,0.0010618529333687285
524,images,4,0.0010618529333687285
525,mark,4,0.0010618529333687285
526,militant,4,0.0010618529333687285
527,museelouvre,4,0.0010618529333687285
528,hostages,4,0.0010618529333687285
529,avenue,4,0.0010618529333687285
530,cérémonie,4,0.0010618529333687285
531,blue,4,0.0010618529333687285
532,fate,4,0.0010618529333687285
533,louvremuseum,4,0.0010618529333687285
534,slows,4,0.0010618529333687285
535,anonymous,4,0.0010618529333687285
536,gauche,4,0.0010618529333687285
537,policy,4,0.0010618529333687285
538,putin,4,0.0010618529333687285
539,meet,4,0.0010618529333687285
540,paris—french,4,0.0010618529333687285
541,guard,4,0.0010618529333687285
542,neverforget,4,0.0010618529333687285
543,voters,4,0.0010618529333687285
544,syriavote,4,0.0010618529333687285
545,possible,4,0.0010618529333687285
546,home,4,0.0010618529333687285
547,atentado,4,0.0010618529333687285
548,montparnasse,4,0.0010618529333687285
549,prayforfrance,4,0.0010618529333687285
550,need,4,0.0010618529333687285
551,bleu,4,0.0010618529333687285
552,fluctuat,4,0.0010618529333687285
553,instaparis,4,0.0010618529333687285
554,peaceforparis,4,0.0010618529333687285
555,pariss,4,0.0010618529333687285
556,launches,4,0.0010618529333687285
557,hollande…,4,0.0010618529333687285
558,leads,4,0.0010618529333687285
559,hostage,4,0.0010618529333687285
560,planned,4,0.0010618529333687285
561,record,4,0.0010618529333687285
562,frontman,4,0.0010618529333687285
563,issues,4,0.0010618529333687285
564,noms,4,0.0010618529333687285
565,grand,4,0.0010618529333687285
566,bamako,4,0.0010618529333687285
567,baop,4,0.0010618529333687285
568,syriabound,3,0.0007963897000265463
569,instapic,3,0.0007963897000265463
570,economic,3,0.0007963897000265463
571,mwfr,3,0.0007963897000265463
572,wheel,3,0.0007963897000265463
573,sacrécœur,3,0.0007963897000265463
574,dont,3,0.0007963897000265463
575,written,3,0.0007963897000265463
576,hollandes,3,0.0007963897000265463
577,likely,3,0.0007963897000265463
578,noussommesunis,3,0.0007963897000265463
579,december,3,0.0007963897000265463
580,guns,3,0.0007963897000265463
581,photographer…,3,0.0007963897000265463
582,demand,3,0.0007963897000265463
583,country,3,0.0007963897000265463
584,dame,3,0.0007963897000265463
585,declaration,3,0.0007963897000265463
586,standing,3,0.0007963897000265463
587,wear,3,0.0007963897000265463
588,makes,3,0.0007963897000265463
589,moscow,3,0.0007963897000265463
590,déjà,3,0.0007963897000265463
591,instagram,3,0.0007963897000265463
592,opened,3,0.0007963897000265463
593,published,3,0.0007963897000265463
594,identifies,3,0.0007963897000265463
595,closed,3,0.0007963897000265463
596,societypuppets,3,0.0007963897000265463
597,united,3,0.0007963897000265463
598,color,3,0.0007963897000265463
599,trending,3,0.0007963897000265463
600,trocadéro,3,0.0007963897000265463
601,terrorism,3,0.0007963897000265463
602,prayforeveryone,3,0.0007963897000265463
603,centre,3,0.0007963897000265463
604,prénom,3,0.0007963897000265463
605,mail,3,0.0007963897000265463
606,subdued,3,0.0007963897000265463
607,site,3,0.0007963897000265463
608,apartment,3,0.0007963897000265463
609,sprayparis,3,0.0007963897000265463
610,expected,3,0.0007963897000265463
611,cathédrale,3,0.0007963897000265463
612,president…,3,0.0007963897000265463
613,trenddrivensociety,3,0.0007963897000265463
614,victim,3,0.0007963897000265463
615,schools,3,0.0007963897000265463
616,responsible,3,0.0007963897000265463
617,merci,3,0.0007963897000265463
618,sector,3,0.0007963897000265463
619,unidentified,3,0.0007963897000265463
620,cast,3,0.0007963897000265463
621,noublie,3,0.0007963897000265463
622,pensées,3,0.0007963897000265463
623,club,3,0.0007963897000265463
624,gunmen,3,0.0007963897000265463
625,rejected,3,0.0007963897000265463
626,after…,3,0.0007963897000265463
627,gathered,3,0.0007963897000265463
628,cause,3,0.0007963897000265463
629,this…,3,0.0007963897000265463
630,hard,3,0.0007963897000265463
631,yesterday,3,0.0007963897000265463
632,prayers,3,0.0007963897000265463
633,weekend,3,0.0007963897000265463
634,entering,3,0.0007963897000265463
635,pens,3,0.0007963897000265463
636,hommage…,3,0.0007963897000265463
637,birmingham,3,0.0007963897000265463
638,received,3,0.0007963897000265463
639,taime,3,0.0007963897000265463
640,artpeace,3,0.0007963897000265463
641,text,3,0.0007963897000265463
642,eastern,3,0.0007963897000265463
643,terrorist…,3,0.0007963897000265463
644,parliament,3,0.0007963897000265463
645,slowed,3,0.0007963897000265463
646,extremists,3,0.0007963897000265463
647,jihadist,3,0.0007963897000265463
648,view,3,0.0007963897000265463
649,effeiltower,3,0.0007963897000265463
650,heads,3,0.0007963897000265463
651,parisbrussels,3,0.0007963897000265463
652,grows,3,0.0007963897000265463
653,replacement,3,0.0007963897000265463
654,terroristas,3,0.0007963897000265463
655,accuse,3,0.0007963897000265463
656,extends,3,0.0007963897000265463
657,needed,3,0.0007963897000265463
658,londres,3,0.0007963897000265463
659,stopped,3,0.0007963897000265463
660,emergency…,3,0.0007963897000265463
661,museum,3,0.0007963897000265463
662,turkey,3,0.0007963897000265463
663,file,3,0.0007963897000265463
664,plot,3,0.0007963897000265463
665,trendingprofile,3,0.0007963897000265463
666,info,3,0.0007963897000265463
667,vrai,3,0.0007963897000265463
668,lhommage,3,0.0007963897000265463
669,nobelpeaceprice…,3,0.0007963897000265463
670,thoughts,3,0.0007963897000265463
671,fière,3,0.0007963897000265463
672,reach,3,0.0007963897000265463
673,security…,3,0.0007963897000265463
674,scene,3,0.0007963897000265463
675,explosive,3,0.0007963897000265463
676,january,3,0.0007963897000265463
677,planning,3,0.0007963897000265463
678,lamour,3,0.0007963897000265463
679,david,3,0.0007963897000265463
680,frances…,3,0.0007963897000265463
681,level,3,0.0007963897000265463
682,masked,3,0.0007963897000265463
683,memory,3,0.0007963897000265463
684,parisdebout,3,0.0007963897000265463
685,tribute…,3,0.0007963897000265463
686,puzzles,3,0.0007963897000265463
687,gear,3,0.0007963897000265463
688,unknown,3,0.0007963897000265463
689,detain,3,0.0007963897000265463
690,airline,3,0.0007963897000265463
691,photos,3,0.0007963897000265463
692,school,3,0.0007963897000265463
693,reveals,3,0.0007963897000265463
694,believed,3,0.0007963897000265463
695,marine,3,0.0007963897000265463
696,toujours,3,0.0007963897000265463
697,prayforworld,3,0.0007963897000265463
698,risks,3,0.0007963897000265463
699,pont,3,0.0007963897000265463
700,parisien,3,0.0007963897000265463
701,assailant,3,0.0007963897000265463
702,intensify,3,0.0007963897000265463
703,global,3,0.0007963897000265463
704,migrant,3,0.0007963897000265463
705,members,3,0.0007963897000265463
706,remaining,3,0.0007963897000265463
707,trendinghashtags,3,0.0007963897000265463
708,vigil,3,0.0007963897000265463
709,surprise,3,0.0007963897000265463
710,pluie,3,0.0007963897000265463
711,worlds,3,0.0007963897000265463
712,travelling,3,0.0007963897000265463
713,peur,3,0.0007963897000265463
714,lead,3,0.0007963897000265463
715,rien,3,0.0007963897000265463
716,hoping,3,0.0007963897000265463
717,freedom,3,0.0007963897000265463
718,official,3,0.0007963897000265463
719,thanks,3,0.0007963897000265463
720,applications,3,0.0007963897000265463
721,cult,3,0.0007963897000265463
722,picture…,3,0.0007963897000265463
723,industry,3,0.0007963897000265463
724,fraternité,3,0.0007963897000265463
725,blackandwhite,3,0.0007963897000265463
726,fugitive,3,0.0007963897000265463
727,strip,3,0.0007963897000265463
728,number,3,0.0007963897000265463
729,bercy,3,0.0007963897000265463
730,belt,3,0.0007963897000265463
731,lose,3,0.0007963897000265463
732,notafraid,3,0.0007963897000265463
733,terroristi,3,0.0007963897000265463
734,fears,3,0.0007963897000265463
735,flags,3,0.0007963897000265463
736,father,3,0.0007963897000265463
737,parismonamour,3,0.0007963897000265463
738,🇫🇷prayforparis,3,0.0007963897000265463
739,attentati,3,0.0007963897000265463
740,sera,3,0.0007963897000265463
741,suis,3,0.0007963897000265463
742,monde,3,0.0007963897000265463
743,information,3,0.0007963897000265463
744,things,3,0.0007963897000265463
745,stabbing,3,0.0007963897000265463
746,clash,3,0.0007963897000265463
747,shows,3,0.0007963897000265463
748,egaylity,3,0.0007963897000265463
749,tricolor,3,0.0007963897000265463
750,militants,3,0.0007963897000265463
751,todos,3,0.0007963897000265463
752,forecast,3,0.0007963897000265463
753,wednesday,3,0.0007963897000265463
754,atentados…,3,0.0007963897000265463
755,following…,3,0.0007963897000265463
756,militants…,3,0.0007963897000265463
757,bien,3,0.0007963897000265463
758,those…,3,0.0007963897000265463
759,gunman,3,0.0007963897000265463
760,said…,3,0.0007963897000265463
761,minister…,3,0.0007963897000265463
762,prime,3,0.0007963897000265463
763,drawing,3,0.0007963897000265463
764,stabs,3,0.0007963897000265463
765,trust,3,0.0007963897000265463
766,spotlight,3,0.0007963897000265463
767,lawmakers,3,0.0007963897000265463
768,hope,3,0.0007963897000265463
769,parisiens,3,0.0007963897000265463
770,accepts,3,0.0007963897000265463
771,terrorista,3,0.0007963897000265463
772,used,3,0.0007963897000265463
773,song…,3,0.0007963897000265463
774,notredame,3,0.0007963897000265463
775,singer,3,0.0007963897000265463
776,launched,3,0.0007963897000265463
777,coordinated,3,0.0007963897000265463
778,who…,3,0.0007963897000265463
779,true,3,0.0007963897000265463
780,mayor,3,0.0007963897000265463
781,fallout,3,0.0007963897000265463
782,theatre,3,0.0007963897000265463
783,lurches,3,0.0007963897000265463
784,message,3,0.0007963897000265463
785,bombing,3,0.0007963897000265463
786,borders,3,0.0007963897000265463
787,laurent,3,0.0007963897000265463
788,leader,3,0.0007963897000265463
789,authorities…,3,0.0007963897000265463
790,proposed,3,0.0007963897000265463
791,east,3,0.0007963897000265463
792,unitedwestand,3,0.0007963897000265463
793,news,3,0.0007963897000265463
794,tousensemble,3,0.0007963897000265463
795,dark,3,0.0007963897000265463
796,details,3,0.0007963897000265463
797,topic,3,0.0007963897000265463
798,against…,2,0.0005309264666843643
799,justice…,2,0.0005309264666843643
800,nurse,2,0.0005309264666843643
801,challenges,2,0.0005309264666843643
802,plan,2,0.0005309264666843643
803,sites,2,0.0005309264666843643
804,sang,2,0.0005309264666843643
805,bonsoir,2,0.0005309264666843643
806,friday…,2,0.0005309264666843643
807,didnt,2,0.0005309264666843643
808,booba,2,0.0005309264666843643
809,officers,2,0.0005309264666843643
810,passy,2,0.0005309264666843643
811,stage,2,0.0005309264666843643
812,shift,2,0.0005309264666843643
813,numbers,2,0.0005309264666843643
814,his…,2,0.0005309264666843643
815,meets,2,0.0005309264666843643
816,effiel,2,0.0005309264666843643
817,party…,2,0.0005309264666843643
818,iloveparis…,2,0.0005309264666843643
819,whatsapp,2,0.0005309264666843643
820,history,2,0.0005309264666843643
821,boosts,2,0.0005309264666843643
822,story,2,0.0005309264666843643
823,grey,2,0.0005309264666843643
824,sarkozy,2,0.0005309264666843643
825,antiis,2,0.0005309264666843643
826,improve…,2,0.0005309264666843643
827,slow,2,0.0005309264666843643
828,stigmabase,2,0.0005309264666843643
829,victory,2,0.0005309264666843643
830,anthraxs,2,0.0005309264666843643
831,beau,2,0.0005309264666843643
832,prayfortheworld…,2,0.0005309264666843643
833,hideout,2,0.0005309264666843643
834,solesin,2,0.0005309264666843643
835,duty,2,0.0005309264666843643
836,surviving,2,0.0005309264666843643
837,likeaprayer,2,0.0005309264666843643
838,data,2,0.0005309264666843643
839,abattu,2,0.0005309264666843643
840,opparis,2,0.0005309264666843643
841,couleurs,2,0.0005309264666843643
842,bastille,2,0.0005309264666843643
843,places,2,0.0005309264666843643
844,familles,2,0.0005309264666843643
845,psgtroyes,2,0.0005309264666843643
846,eurozone,2,0.0005309264666843643
847,easyjet,2,0.0005309264666843643
848,vote…,2,0.0005309264666843643
849,extension,2,0.0005309264666843643
850,ataques,2,0.0005309264666843643
851,italians,2,0.0005309264666843643
852,flots,2,0.0005309264666843643
853,paul,2,0.0005309264666843643
854,fast,2,0.0005309264666843643
855,lightning,2,0.0005309264666843643
856,last…,2,0.0005309264666843643
857,afraid,2,0.0005309264666843643
858,charlie,2,0.0005309264666843643
859,involved,2,0.0005309264666843643
860,general,2,0.0005309264666843643
861,square,2,0.0005309264666843643
862,campaign,2,0.0005309264666843643
863,parisphoto,2,0.0005309264666843643
864,seine,2,0.0005309264666843643
865,man…,2,0.0005309264666843643
866,peacefortheworld,2,0.0005309264666843643
867,postattacks,2,0.0005309264666843643
868,tourist,2,0.0005309264666843643
869,courtyard,2,0.0005309264666843643
870,cabaret,2,0.0005309264666843643
871,believe,2,0.0005309264666843643
872,avez,2,0.0005309264666843643
873,hoje,2,0.0005309264666843643
874,himself,2,0.0005309264666843643
875,stereophonics,2,0.0005309264666843643
876,pelo,2,0.0005309264666843643
877,robust,2,0.0005309264666843643
878,magazine,2,0.0005309264666843643
879,terrace,2,0.0005309264666843643
880,remain,2,0.0005309264666843643
881,noite,2,0.0005309264666843643
882,lille,2,0.0005309264666843643
883,torre,2,0.0005309264666843643
884,bought,2,0.0005309264666843643
885,jours,2,0.0005309264666843643
886,detained,2,0.0005309264666843643
887,indentifies,2,0.0005309264666843643
888,niquetamèredaesh,2,0.0005309264666843643
889,victorian,2,0.0005309264666843643
890,métro,2,0.0005309264666843643
891,accorhotelsarena…,2,0.0005309264666843643
892,thank,2,0.0005309264666843643
893,mali,2,0.0005309264666843643
894,reject,2,0.0005309264666843643
895,combock,2,0.0005309264666843643
896,devastating,2,0.0005309264666843643
897,celine,2,0.0005309264666843643
898,placed,2,0.0005309264666843643
899,new…,2,0.0005309264666843643
900,acte,2,0.0005309264666843643
901,infiltrés,2,0.0005309264666843643
902,hails,2,0.0005309264666843643
903,skincover,2,0.0005309264666843643
904,aptopix,2,0.0005309264666843643
905,death…,2,0.0005309264666843643
906,ratings,2,0.0005309264666843643
907,dawn…,2,0.0005309264666843643
908,passe,2,0.0005309264666843643
909,resolve,2,0.0005309264666843643
910,aircraft,2,0.0005309264666843643
911,lumières,2,0.0005309264666843643
912,track,2,0.0005309264666843643
913,breakthrough,2,0.0005309264666843643
914,mettre,2,0.0005309264666843643
915,lecarillon,2,0.0005309264666843643
916,leaders,2,0.0005309264666843643
917,dois,2,0.0005309264666843643
918,streets,2,0.0005309264666843643
919,chill,2,0.0005309264666843643
920,unis,2,0.0005309264666843643
921,senior,2,0.0005309264666843643
922,strips,2,0.0005309264666843643
923,kaldeanakajima,2,0.0005309264666843643
924,strong,2,0.0005309264666843643
925,eiffle,2,0.0005309264666843643
926,accepted…,2,0.0005309264666843643
927,eaglesofdeathmetal,2,0.0005309264666843643
928,flower…,2,0.0005309264666843643
929,lagny,2,0.0005309264666843643
930,kaldea,2,0.0005309264666843643
931,hearts,2,0.0005309264666843643
932,defiance,2,0.0005309264666843643
933,liberteegalitefraternite,2,0.0005309264666843643
934,alive,2,0.0005309264666843643
935,iledefrance,2,0.0005309264666843643
936,ladefense,2,0.0005309264666843643
937,sofitel,2,0.0005309264666843643
938,louiseattaque,2,0.0005309264666843643
939,hartford,2,0.0005309264666843643
940,network,2,0.0005309264666843643
